node8,0,5,145803
node8,1.8038630485534668E-01,80,145803,
node8,3.924369812011719E-04,79,145803,
node8,-1.0013580322265625E-04,80,145803,
node8,-1.366138458251953E-04,80,145803,
node8,-1.1301040649414062E-04,79,145804,
node8,-1.2922286987304688E-04,79,145804,
node8,-1.4495849609375E-04,79,145804,
node8,-7.343292236328125E-05,80,145804,
node8,-8.106231689453125E-05,79,145804,
node8,-1.2946128845214844E-04,80,145805,
node8,-1.2445449829101562E-04,80,145805,
node8,-1.266002655029297E-04,80,145805,
node8,-1.6498565673828125E-04,80,145805,
node8,-1.461505889892578E-04,80,145805,
node8,-9.5367431640625E-05,79,145805,
node8,-1.3685226440429688E-04,80,145805,
node8,-1.2087821960449219E-04,80,145806,
node8,-1.4591217041015625E-04,80,145806,
node8,-9.560585021972656E-05,79,145806,
node8,-1.0800361633300781E-04,79,145806,
node8,-1.5878677368164062E-04,80,145806,
node8,-1.773834228515625E-04,80,145806,
node8,-1.201629638671875E-04,80,145807,
node8,-1.3303756713867188E-04,80,145807,
node8,-1.518726348876953E-04,80,145807,
node8,-1.4734268188476562E-04,80,145807,
node8,-9.226799011230469E-05,80,145807,
node8,-1.3017654418945312E-04,80,145807,
node8,-1.327991485595703E-04,79,145807,
node8,-1.4519691467285156E-04,80,145807,
node8,-1.7309188842773438E-04,80,145807,
node8,-9.393692016601562E-05,80,145808,
node8,-1.430511474609375E-04,80,145808,
node8,-1.2421607971191406E-04,80,145808,
node8,-1.2159347534179688E-04,80,145808,
node8,-9.393692016601562E-05,80,145808,
node8,-1.0967254638671875E-04,80,145809,
node8,-7.43865966796875E-05,80,145809,
node8,-1.2564659118652344E-04,80,145809,
node8,-1.2159347534179688E-04,80,145809,
node8,-1.1277198791503906E-04,80,145809,
node8,-9.918212890625E-05,80,145810,
node8,-1.2564659118652344E-04,80,145810,
node8,-1.0538101196289062E-04,80,145810,
node8,-9.298324584960938E-05,80,145810,
node8,-1.323223114013672E-04,79,145810,
node8,-1.087188720703125E-04,79,145810,
node8,-1.0848045349121094E-04,80,145811,
node8,-1.2755393981933594E-04,80,145811,
node8,-1.201629638671875E-04,80,145811,
node8,-1.125335693359375E-04,80,145811,
node8,-1.2302398681640625E-04,80,145811,
node8,-1.5282630920410156E-04,80,145811,
node8,-1.56402587890625E-04,80,145811,
node8,-1.4853477478027344E-04,80,145811,
node8,-1.3947486877441406E-04,80,145812,
node8,-1.2445449829101562E-04,80,145812,
node8,-1.4162063598632812E-04,80,145812,
node8,-1.2445449829101562E-04,80,145812,
node8,-7.343292236328125E-05,80,145812,
node8,-7.557868957519531E-05,80,145813,
node8,-1.0895729064941406E-04,80,145813,
node8,-9.250640869140625E-05,80,145813,
node8,-9.965896606445312E-05,78,145813,
node8,-1.33514404296875E-04,80,145813,
node8,-1.690387725830078E-04,80,145813,
node8,-1.4925003051757812E-04,80,145813,
node8,-5.984306335449219E-05,79,145814,
node8,7.119178771972656E-04,79,145814,
node8,-1.3446807861328125E-04,79,145814,
node8,-2.9802322387695312E-05,80,145815,
node8,-4.839897155761719E-05,79,145815,
node8,-5.984306335449219E-05,80,145816,
node8,-9.465217590332031E-05,80,145816,
node8,-8.869171142578125E-05,80,145816,
node8,-3.886222839355469E-05,80,145817,
node8,-7.963180541992188E-05,80,145817,
node8,-6.937980651855469E-05,80,145817,
node8,-5.459785461425781E-05,80,145818,
node8,-8.440017700195312E-05,80,145818,
node8,-1.4638900756835938E-04,80,145818,
node8,-7.009506225585938E-05,79,145818,
node8,-6.222724914550781E-05,80,145818,
node8,-6.556510925292969E-05,79,145819,
node8,-9.083747863769531E-05,80,145819,
node8,-1.1706352233886719E-04,80,145819,
node8,-4.38690185546875E-05,79,145819,
node8,-6.365776062011719E-05,80,145819,
node8,-7.581710815429688E-05,80,145819,
node8,-1.5115737915039062E-04,80,145819,
node8,-7.05718994140625E-05,80,145820,
node8,-3.886222839355469E-05,79,145820,
node8,-2.5272369384765625E-05,80,145820,
node8,-4.744529724121094E-05,79,145820,
node8,-3.981590270996094E-05,80,145820,
node8,-9.012222290039062E-05,79,145820,
node8,-3.0040740966796875E-05,80,145820,
node8,2.0639896392822266E-03,80,145821,
node8,-6.604194641113281E-05,80,145821,
node8,-5.936622619628906E-05,80,145822,
node8,-4.00543212890625E-05,80,145822,
node8,-7.987022399902344E-05,80,145823,
node8,-1.2373924255371094E-04,80,145823,
node8,-5.698204040527344E-05,79,145823,
node8,-1.1157989501953125E-04,80,145823,
node8,-1.25885009765625E-04,80,145824,
node8,-1.404285430908203E-04,79,145824,
node8,-7.486343383789062E-05,79,145824,
node8,-9.918212890625E-05,79,145824,
node8,-1.8835067749023438E-05,80,145825,
node8,-9.322166442871094E-05,80,145825,
node8,-6.198883056640625E-05,80,145825,
node8,-1.2350082397460938E-04,80,145825,
node8,-3.337860107421875E-05,78,145825,
node8,-1.3208389282226562E-04,79,145826,
node8,-1.0585784912109375E-04,80,145826,
node8,-9.751319885253906E-05,80,145826,
node8,-9.822845458984375E-05,80,145826,
node8,-3.552436828613281E-05,79,145826,
node8,-1.2540817260742188E-04,80,145826,
node8,-1.220703125E-04,80,145826,
node8,-6.437301635742188E-05,80,145827,
node8,-1.4853477478027344E-04,80,145827,
node8,-1.0466575622558594E-04,80,145827,
node8,-1.289844512939453E-04,80,145827,
node8,-1.3971328735351562E-04,80,145827,
node8,-1.6307830810546875E-04,80,145827,
node8,-1.0848045349121094E-04,80,145828,
node8,-5.1021575927734375E-05,80,145829,
node8,-1.2254714965820312E-04,80,145829,
node8,-1.4352798461914062E-04,80,145829,
node8,-7.176399230957031E-05,80,145829,
node8,-9.322166442871094E-05,80,145829,
node8,-1.4209747314453125E-04,80,145829,
node8,-1.0132789611816406E-04,80,145829,
node8,-1.270771026611328E-04,80,145829,
node8,-1.10626220703125E-04,80,145829,
node8,-1.2969970703125E-04,80,145829,
node8,-1.33514404296875E-04,80,145830,
node8,-1.0609626770019531E-04,80,145830,
node8,-9.72747802734375E-05,79,145830,
node8,-1.5497207641601562E-04,80,145830,
node8,-5.841255187988281E-05,80,145831,
node8,-1.2564659118652344E-04,80,145831,
node8,-8.726119995117188E-05,80,145831,
node8,-6.937980651855469E-05,79,145832,
node8,-1.347064971923828E-04,80,145832,
node8,-9.679794311523438E-05,80,145832,
node8,-1.1587142944335938E-04,79,145832,
node8,-6.079673767089844E-05,80,145832,
node8,-1.0561943054199219E-04,79,145832,
node8,-6.29425048828125E-05,80,145832,
node8,-1.18255615234375E-04,80,145833,
node8,-3.1948089599609375E-05,80,145833,
node8,-9.870529174804688E-05,80,145833,
node8,-5.53131103515625E-05,80,145834,
node8,-1.2969970703125E-04,79,145834,
node8,-9.179115295410156E-05,80,145834,
node8,-7.224082946777344E-05,80,145835,
node8,-1.361370086669922E-04,79,145835,
node8,-1.0228157043457031E-04,80,145835,
node8,-9.250640869140625E-05,80,145835,
node8,-1.2612342834472656E-04,80,145835,
node8,-1.1110305786132812E-04,80,145835,
node8,-9.393692016601562E-05,80,145835,
node8,-1.18255615234375E-04,80,145836,
node8,-9.322166442871094E-05,80,145836,
node8,-1.3136863708496094E-04,80,145836,
node8,-7.796287536621094E-05,80,145836,
node8,-1.4972686767578125E-04,80,145836,
node8,-1.1920928955078125E-04,80,145836,
node8,-1.437664031982422E-04,80,145836,
node8,-1.0156631469726562E-04,80,145836,
node8,-1.3494491577148438E-04,80,145836,
node8,-8.988380432128906E-05,79,145837,
node8,-1.1467933654785156E-04,79,145837,
node8,-8.0108642578125E-05,80,145837,
node8,-1.3256072998046875E-04,80,145837,
node8,-1.0323524475097656E-04,80,145838,
node8,-7.963180541992188E-05,80,145838,
node8,9.298324584960938E-06,80,145838,
node8,-1.0895729064941406E-04,80,145838,
node8,-7.82012939453125E-05,79,145838,
node8,-1.1157989501953125E-04,80,145838,
node8,-1.5115737915039062E-04,80,145838,
node8,-1.0824203491210938E-04,80,145839,
node8,-1.2874603271484375E-04,80,145839,
node8,-1.0037422180175781E-04,79,145839,
node8,-1.0251998901367188E-04,80,145839,
node8,-7.462501525878906E-05,80,145839,
node8,-7.081031799316406E-05,80,145840,
node8,-1.270771026611328E-04,80,145840,
node8,-1.0561943054199219E-04,80,145840,
node8,-1.1968612670898438E-04,80,145840,
node8,1.533031463623047E-04,79,145841,
node8,-1.227855682373047E-04,80,145841,
node8,-1.266002655029297E-04,80,145841,
node8,-1.068115234375E-04,80,145841,
node8,-2.9087066650390625E-05,79,145842,
node8,-1.2731552124023438E-04,79,145842,
node8,-1.3685226440429688E-04,79,145842,
node8,-7.677078247070312E-05,80,145842,
node8,-1.1539459228515625E-04,79,145842,
node8,-9.870529174804688E-05,80,145843,
node8,-8.106231689453125E-05,78,145843,
node8,-1.1801719665527344E-04,80,145843,
node8,-1.3208389282226562E-04,79,145843,
node8,-1.1444091796875E-04,80,145843,
node8,-9.274482727050781E-05,80,145844,
node8,-1.2540817260742188E-04,80,145844,
node8,-7.62939453125E-05,80,145844,
node8,-9.5367431640625E-05,80,145844,
node8,-1.10626220703125E-04,80,145844,
node8,-1.5211105346679688E-04,80,145844,
node8,-1.2373924255371094E-04,80,145844,
node8,-1.163482666015625E-04,80,145845,
node8,-1.0704994201660156E-04,80,145845,
node8,-8.440017700195312E-05,79,145845,
node8,-1.1968612670898438E-04,79,145845,
node8,-1.1372566223144531E-04,80,145845,
node8,-1.442432403564453E-04,80,145845,
node8,-1.2350082397460938E-04,80,145846,
node8,-1.3065338134765625E-04,79,145846,
node8,-1.4662742614746094E-04,80,145846,
node8,-1.3208389282226562E-04,80,145846,
node8,-1.201629638671875E-04,80,145846,
node8,-7.82012939453125E-05,79,145846,
node8,-7.081031799316406E-05,80,145847,
node8,4.813671112060547E-04,80,145847,
node8,-7.963180541992188E-05,80,145847,
node8,-9.870529174804688E-05,79,145847,
node8,-1.6117095947265625E-04,80,145847,
node8,-1.475811004638672E-04,79,145847,
node8,-1.3756752014160156E-04,79,145847,
node8,-1.1754035949707031E-04,80,145848,
node8,-1.2731552124023438E-04,79,145848,
node8,-1.0919570922851562E-04,79,145848,
node8,-1.25885009765625E-04,80,145848,
node8,-1.3709068298339844E-04,80,145848,
node8,-1.2493133544921875E-04,80,145848,
node8,-9.703636169433594E-05,79,145849,
node8,-1.087188720703125E-04,79,145849,
node8,-9.179115295410156E-05,79,145849,
node8,-1.342296600341797E-04,80,145849,
node8,-6.151199340820312E-05,80,145850,
node8,-4.744529724121094E-05,80,145850,
node8,-1.1539459228515625E-04,80,145850,
node8,-1.1420249938964844E-04,80,145850,
node8,-1.0895729064941406E-04,80,145851,
node8,-9.679794311523438E-05,80,145851,
node8,-8.344650268554688E-05,80,145851,
node8,-9.632110595703125E-05,79,145851,
node8,-1.1396408081054688E-04,80,145852,
node8,-7.033348083496094E-05,80,145852,
node8,2.3436546325683594E-04,80,145852,
node8,4.6181678771972656E-04,80,145852,
node8,-1.1396408081054688E-04,80,145852,
node8,-8.153915405273438E-05,80,145853,
node8,-7.009506225585938E-05,80,145853,
node8,-1.1110305786132812E-04,80,145853,
node8,-1.2803077697753906E-04,80,145853,
node8,-1.1134147644042969E-04,80,145853,
node8,-1.2159347534179688E-04,80,145854,
node8,-5.245208740234375E-05,80,145855,
node8,-1.3375282287597656E-04,80,145855,
node8,-3.218650817871094E-05,80,145856,
node8,-6.818771362304688E-05,79,145856,
node8,-1.0848045349121094E-04,80,145856,
node8,-9.012222290039062E-05,80,145856,
node8,-8.606910705566406E-05,79,145856,
node8,-9.34600830078125E-05,80,145856,
node8,-4.57763671875E-05,80,145857,
node8,-8.893013000488281E-05,80,145857,
node8,-1.239776611328125E-04,80,145857,
node8,-5.435943603515625E-05,80,145857,
node8,-1.480579376220703E-04,80,145858,
node8,-5.817413330078125E-05,79,145858,
node8,-6.914138793945312E-05,79,145858,
node8,3.733634948730469E-04,77,145859,
node8,-5.269050598144531E-05,80,145859,
node8,-4.7206878662109375E-05,80,145859,
node8,-8.0108642578125E-05,80,145859,
node8,-1.0395050048828125E-04,79,145859,
node8,-6.270408630371094E-05,80,145859,
node8,-6.175041198730469E-05,79,145859,
node8,-6.127357482910156E-05,80,145900,
node8,-1.1086463928222656E-04,80,145900,
node8,-6.103515625E-05,80,145900,
node8,-1.010894775390625E-04,80,145900,
node8,-3.814697265625E-06,80,145901,
node8,-1.33514404296875E-05,79,145901,
node8,1.0752677917480469E-04,80,145902,
node8,-2.5272369384765625E-05,80,145902,
node8,-3.075599670410156E-05,80,145903,
node8,-7.390975952148438E-05,80,145903,
node8,-1.2350082397460938E-04,80,145903,
node8,-4.1484832763671875E-05,80,145903,
node8,-1.2636184692382812E-04,80,145903,
node8,-8.344650268554688E-05,79,145903,
node8,-1.1491775512695312E-04,80,145903,
node8,-1.6689300537109375E-06,79,145904,
node8,-1.6164779663085938E-04,80,145904,
node8,-2.7894973754882812E-05,79,145904,
node8,-3.7670135498046875E-05,79,145904,
node8,-6.580352783203125E-05,80,145905,
node8,-4.839897155761719E-05,79,145905,
node8,-9.751319885253906E-05,80,145905,
node8,-7.343292236328125E-05,80,145906,
node8,-8.0108642578125E-05,80,145906,
node8,-7.62939453125E-06,80,145906,
node8,-1.1920928955078125E-04,80,145906,
node8,-1.2874603271484375E-04,80,145907,
node8,-1.1396408081054688E-04,80,145907,
node8,-1.246929168701172E-04,80,145907,
node8,-1.4829635620117188E-04,80,145907,
node8,-1.2969970703125E-04,80,145907,
node8,-5.412101745605469E-05,78,145907,
node8,-1.266002655029297E-04,80,145907,
node8,-1.18255615234375E-04,80,145908,
node8,-1.201629638671875E-04,80,145908,
node8,-1.316070556640625E-04,80,145908,
node8,-1.323223114013672E-04,80,145908,
node8,-1.1587142944335938E-04,80,145908,
node8,-1.251697540283203E-04,80,145908,
node8,-1.0085105895996094E-04,80,145909,
node8,-1.1682510375976562E-04,80,145909,
node8,-9.703636169433594E-05,80,145909,
node8,-1.430511474609375E-04,80,145909,
node8,-1.2159347534179688E-04,80,145909,
node8,-1.2135505676269531E-04,79,145909,
node8,-1.0776519775390625E-04,79,145909,
node8,-1.239776611328125E-04,80,145909,
node8,-1.1682510375976562E-04,79,145910,
node8,-9.298324584960938E-05,79,145910,
node8,-1.0752677917480469E-04,80,145910,
node8,-1.2183189392089844E-04,80,145910,
node8,-4.7206878662109375E-05,80,145911,
node8,-1.1610984802246094E-04,80,145911,
node8,-6.866455078125E-05,80,145911,
node8,-1.0728836059570312E-04,80,145911,
node8,-9.226799011230469E-05,80,145912,
node8,-7.581710815429688E-05,80,145912,
node8,-1.6021728515625E-04,80,145912,
node8,-1.3327598571777344E-04,80,145912,
node8,1.3709068298339844E-04,80,145912,
node8,-1.1467933654785156E-04,80,145912,
node8,-1.6832351684570312E-04,80,145912,
node8,-1.4519691467285156E-04,79,145912,
node8,-7.367134094238281E-05,80,145913,
node8,-1.3947486877441406E-04,80,145913,
node8,-1.3256072998046875E-04,80,145913,
node8,-1.1849403381347656E-04,79,145913,
node8,-1.0728836059570312E-04,80,145914,
node8,-9.679794311523438E-05,79,145914,
node8,-1.7786026000976562E-04,80,145914,
node8,-5.054473876953125E-05,80,145914,
node8,-1.1110305786132812E-04,80,145914,
node8,-8.916854858398438E-05,80,145915,
node8,-1.4972686767578125E-04,80,145915,
node8,-1.1682510375976562E-04,80,145915,
node8,-1.1968612670898438E-04,80,145915,
node8,-1.0466575622558594E-04,80,145915,
node8,-1.289844512939453E-04,80,145915,
node8,1.0728836059570312E-05,78,145915,
node8,-8.654594421386719E-05,80,145916,
node8,-1.1515617370605469E-04,80,145916,
node8,-1.4448165893554688E-04,80,145916,
node8,-8.58306884765625E-05,80,145916,
node8,-9.393692016601562E-05,80,145916,
node8,-1.2493133544921875E-04,80,145916,
node8,-1.2254714965820312E-04,80,145916,
node8,-8.058547973632812E-05,80,145917,
node8,1.595020294189453E-04,80,145917,
node8,9.028434753417969E-03,80,145917,
node8,-5.412101745605469E-05,80,145917,
node8,-1.2946128845214844E-04,80,145917,
node8,-6.580352783203125E-05,78,145917,
node8,-8.606910705566406E-05,79,145917,
node8,-1.373291015625E-04,80,145917,
node8,-6.699562072753906E-05,80,145918,
node8,9.377002716064453E-04,79,145918,
node8,-1.25885009765625E-04,80,145918,
node8,-1.3017654418945312E-04,79,145918,
node8,-1.1086463928222656E-04,80,145918,
node8,-1.2755393981933594E-04,79,145918,
node8,-1.4591217041015625E-04,80,145918,
node8,-1.0180473327636719E-04,80,145918,
node8,-1.201629638671875E-04,80,145918,
node8,-8.368492126464844E-05,79,145919,
node8,1.678466796875E-04,80,145919,
node8,-1.285076141357422E-04,80,145919,
node8,-6.151199340820312E-05,80,145919,
node8,-1.41143798828125E-04,80,145919,
node8,-1.0228157043457031E-04,80,145919,
node8,-1.423358917236328E-04,80,145919,
node8,-1.4853477478027344E-04,80,145919,
node8,-8.916854858398438E-05,80,145920,
node8,-1.1968612670898438E-04,80,145920,
node8,-1.2731552124023438E-04,80,145920,
node8,-1.4448165893554688E-04,80,145920,
node8,-1.2922286987304688E-04,79,145920,
node8,-1.0848045349121094E-04,80,145920,
node8,-1.4066696166992188E-04,80,145920,
node8,-1.7023086547851562E-04,80,145920,
node8,-1.1920928955078125E-04,80,145920,
node8,-1.1610984802246094E-04,80,145921,
node8,-5.9604644775390625E-05,80,145921,
node8,-7.462501525878906E-05,80,145921,
node8,-7.343292236328125E-05,79,145922,
node8,-6.818771362304688E-05,79,145922,
node8,-8.0108642578125E-05,80,145922,
node8,-1.2922286987304688E-04,79,145922,
node8,-3.5762786865234375E-05,79,145923,
node8,-1.2063980102539062E-04,79,145923,
node8,-8.559226989746094E-05,80,145923,
node8,-1.1229515075683594E-04,80,145923,
node8,-1.285076141357422E-04,79,145923,
node8,-1.0347366333007812E-04,80,145924,
node8,-8.893013000488281E-05,80,145924,
node8,-6.461143493652344E-05,79,145924,
node8,1.2063980102539062E-03,80,145924,
node8,8.289813995361328E-04,77,145924,
node8,-6.389617919921875E-05,80,145925,
node8,-7.677078247070312E-05,80,145925,
node8,-1.347064971923828E-04,80,145925,
node8,-1.1730194091796875E-04,80,145925,
node8,-8.368492126464844E-05,80,145926,
node8,-3.3855438232421875E-05,80,145926,
node8,-8.797645568847656E-05,80,145926,
node8,-6.866455078125E-05,80,145926,
node8,-7.605552673339844E-05,80,145927,
node8,-1.2946128845214844E-04,80,145927,
node8,-1.3756752014160156E-04,79,145927,
node8,-8.845329284667969E-05,80,145927,
node8,-1.3780593872070312E-04,79,145927,
node8,-1.3256072998046875E-04,80,145927,
node8,-1.4138221740722656E-04,80,145927,
node8,-1.2040138244628906E-04,80,145927,
node8,-1.3017654418945312E-04,80,145927,
node8,-1.5401840209960938E-04,80,145927,
node8,-1.289844512939453E-04,80,145928,
node8,-7.605552673339844E-05,80,145928,
node8,-9.679794311523438E-05,80,145928,
node8,-1.2540817260742188E-04,80,145929,
node8,-1.0633468627929688E-04,80,145929,
node8,-1.380443572998047E-04,80,145929,
node8,-1.2803077697753906E-04,80,145929,
node8,-1.1444091796875E-04,80,145929,
node8,-1.1777877807617188E-04,80,145929,
node8,-9.489059448242188E-05,80,145930,
node8,-1.1086463928222656E-04,80,145930,
node8,-9.989738464355469E-05,80,145930,
node8,-9.012222290039062E-05,80,145931,
node8,-8.988380432128906E-05,80,145931,
node8,-8.821487426757812E-05,79,145931,
node8,-1.1682510375976562E-04,79,145931,
node8,-1.0776519775390625E-04,80,145932,
node8,-3.8623809814453125E-05,80,145932,
node8,-6.914138793945312E-05,80,145932,
node8,-1.0728836059570312E-04,80,145932,
node8,-1.423358917236328E-04,80,145932,
node8,-1.5878677368164062E-04,79,145932,
node8,-5.91278076171875E-05,80,145933,
node8,-1.251697540283203E-04,79,145933,
node8,-1.4829635620117188E-04,80,145933,
node8,-1.5091896057128906E-04,80,145933,
node8,-1.3208389282226562E-04,79,145933,
node8,-1.4257431030273438E-04,79,145933,
node8,-1.0609626770019531E-04,80,145933,
node8,-1.289844512939453E-04,80,145933,
node8,-9.369850158691406E-05,80,145934,
node8,-5.412101745605469E-05,79,145934,
node8,-6.175041198730469E-05,79,145934,
node8,-9.965896606445312E-05,80,145935,
node8,-7.224082946777344E-05,79,145935,
node8,-1.0156631469726562E-04,80,145935,
node8,-5.245208740234375E-05,80,145935,
node8,-1.4781951904296875E-04,80,145935,
node8,-1.0538101196289062E-04,80,145935,
node8,-1.277923583984375E-04,79,145936,
node8,-1.2636184692382812E-04,80,145936,
node8,-1.068115234375E-04,79,145936,
node8,6.937980651855469E-05,80,145936,
node8,-9.965896606445312E-05,80,145936,
node8,-1.2135505676269531E-04,80,145936,
node8,-1.3780593872070312E-04,80,145936,
node8,-6.937980651855469E-05,80,145937,
