node2,0,5,145800
node2,1.9097328186035156E-04,80,145800,
node2,1.9860267639160156E-04,78,145800,
node2,2.148151397705078E-04,80,145800,
node2,2.410411834716797E-04,80,145801,
node2,2.1338462829589844E-04,80,145801,
node2,2.090930938720703E-04,80,145801,
node2,2.4628639221191406E-04,80,145801,
node2,1.8548965454101562E-04,79,145801,
node2,2.079010009765625E-04,80,145802,
node2,1.780986785888672E-04,80,145802,
node2,1.86920166015625E-04,79,145802,
node2,1.4734268188476562E-04,79,145802,
node2,1.8310546875E-04,79,145802,
node2,1.5401840209960938E-04,80,145803,
node2,1.7881393432617188E-04,80,145803,
node2,1.5115737915039062E-04,79,145803,
node2,1.52587890625E-04,80,145803,
node2,1.1897087097167969E-04,80,145803,
node2,1.5425682067871094E-04,80,145804,
node2,1.5878677368164062E-04,79,145804,
node2,1.289844512939453E-04,80,145804,
node2,1.5854835510253906E-04,80,145804,
node2,1.3446807861328125E-04,80,145804,
node2,1.4400482177734375E-04,79,145804,
node2,2.961158752441406E-04,80,145805,
node2,2.3937225341796875E-04,79,145805,
node2,1.8835067749023438E-04,80,145805,
node2,1.659393310546875E-04,80,145805,
node2,1.7499923706054688E-04,80,145805,
node2,1.2111663818359375E-04,80,145805,
node2,1.3234615325927734E-03,80,145805,
node2,1.347064971923828E-04,79,145806,
node2,1.366138458251953E-04,80,145806,
node2,1.9407272338867188E-04,80,145806,
node2,1.4519691467285156E-04,80,145806,
node2,1.404285430908203E-04,80,145806,
node2,2.338886260986328E-04,80,145806,
node2,1.361370086669922E-04,80,145806,
node2,1.9121170043945312E-04,80,145807,
node2,2.3436546325683594E-04,80,145808,
node2,1.9502639770507812E-04,80,145808,
node2,2.033710479736328E-04,80,145808,
node2,1.7881393432617188E-04,80,145809,
node2,2.002716064453125E-04,80,145809,
node2,1.0967254638671875E-04,80,145809,
node2,1.499652862548828E-04,80,145809,
node2,2.1529197692871094E-04,80,145810,
node2,1.499652862548828E-04,80,145810,
node2,1.8215179443359375E-04,80,145810,
node2,1.5091896057128906E-04,80,145810,
node2,1.819133758544922E-04,80,145810,
node2,1.518726348876953E-04,80,145811,
node2,1.881122589111328E-04,79,145811,
node2,1.4328956604003906E-04,80,145811,
node2,1.361370086669922E-04,80,145811,
node2,1.6021728515625E-04,80,145811,
node2,1.5854835510253906E-04,80,145811,
node2,1.6427040100097656E-04,79,145811,
node2,1.5997886657714844E-04,80,145812,
node2,1.0919570922851562E-04,79,145812,
node2,1.373291015625E-04,79,145812,
node2,6.031990051269531E-04,80,145812,
node2,1.56402587890625E-04,80,145812,
node2,1.6760826110839844E-04,79,145812,
node2,1.621246337890625E-04,80,145813,
node2,1.7786026000976562E-04,80,145813,
node2,1.5926361083984375E-04,80,145813,
node2,1.5306472778320312E-04,80,145813,
node2,1.5735626220703125E-04,80,145813,
node2,1.4448165893554688E-04,80,145813,
node2,2.899169921875E-04,78,145814,
node2,1.5854835510253906E-04,80,145814,
node2,1.8405914306640625E-04,80,145814,
node2,1.9931793212890625E-04,80,145815,
node2,9.584426879882812E-05,80,145815,
node2,1.18255615234375E-04,80,145815,
node2,1.0800361633300781E-04,80,145815,
node2,1.6164779663085938E-04,80,145815,
node2,1.2040138244628906E-04,80,145815,
node2,1.595020294189453E-04,80,145816,
node2,1.2946128845214844E-04,80,145816,
node2,1.4710426330566406E-04,78,145816,
node2,1.685619354248047E-04,79,145816,
node2,1.5044212341308594E-04,80,145816,
node2,1.02996826171875E-04,80,145816,
node2,1.800060272216797E-04,80,145816,
node2,1.3780593872070312E-04,79,145816,
node2,1.1205673217773438E-04,80,145816,
node2,1.3971328735351562E-04,80,145816,
node2,1.79290771484375E-04,80,145817,
node2,2.09808349609375E-04,79,145817,
node2,1.8739700317382812E-04,80,145817,
node2,1.8334388732910156E-04,80,145818,
node2,1.7213821411132812E-04,80,145818,
node2,1.647472381591797E-04,80,145818,
node2,1.2183189392089844E-04,79,145818,
node2,1.9049644470214844E-04,79,145819,
node2,1.7189979553222656E-04,80,145819,
node2,1.6021728515625E-04,80,145819,
node2,1.800060272216797E-04,79,145819,
node2,1.690387725830078E-04,80,145819,
node2,1.404285430908203E-04,80,145819,
node2,6.529808044433594E-03,80,145820,
node2,1.876354217529297E-04,80,145820,
node2,2.1982192993164062E-04,79,145820,
node2,2.033710479736328E-04,80,145820,
node2,1.5854835510253906E-04,78,145821,
node2,1.1229515075683594E-04,80,145821,
node2,1.8739700317382812E-04,80,145821,
node2,1.6880035400390625E-04,80,145821,
node2,1.8525123596191406E-04,80,145821,
node2,1.327991485595703E-04,80,145821,
node2,1.976490020751953E-04,80,145822,
node2,1.9288063049316406E-04,80,145822,
node2,2.0456314086914062E-04,80,145822,
node2,1.71661376953125E-04,80,145822,
node2,1.25885009765625E-04,80,145822,
node2,1.0728836059570312E-04,80,145822,
node2,1.277923583984375E-04,80,145822,
node2,1.1181831359863281E-04,79,145822,
node2,1.468658447265625E-04,80,145822,
node2,1.3589859008789062E-04,80,145822,
node2,1.3780593872070312E-04,80,145822,
node2,3.814697265625E-04,79,145823,
node2,1.957416534423828E-04,79,145823,
node2,2.894401550292969E-04,79,145823,
node2,1.6951560974121094E-04,80,145823,
node2,1.747608184814453E-04,80,145823,
node2,1.3899803161621094E-04,80,145824,
node2,1.4090538024902344E-04,80,145824,
node2,1.8596649169921875E-04,80,145824,
node2,1.671314239501953E-04,79,145824,
node2,1.5544891357421875E-04,80,145824,
node2,1.6069412231445312E-04,80,145825,
node2,1.8453598022460938E-04,80,145825,
node2,2.0551681518554688E-04,79,145825,
node2,1.633167266845703E-04,80,145825,
node2,1.876354217529297E-04,80,145826,
node2,1.64031982421875E-04,80,145826,
node2,1.232624053955078E-04,79,145826,
node2,1.5735626220703125E-04,79,145826,
node2,9.870529174804688E-05,80,145826,
node2,1.804828643798828E-04,80,145826,
node2,1.8930435180664062E-04,80,145827,
node2,2.090930938720703E-04,79,145827,
node2,1.163482666015625E-04,80,145827,
node2,1.1348724365234375E-04,80,145827,
node2,1.323223114013672E-04,79,145827,
node2,1.1396408081054688E-04,80,145827,
node2,9.965896606445312E-05,80,145827,
node2,1.5687942504882812E-04,80,145828,
node2,1.544952392578125E-04,80,145828,
node2,1.7499923706054688E-04,80,145829,
node2,1.9812583923339844E-04,80,145829,
node2,1.4829635620117188E-04,80,145829,
node2,8.721351623535156E-04,79,145829,
node2,1.1944770812988281E-04,80,145829,
node2,1.3685226440429688E-04,80,145829,
node2,1.3709068298339844E-04,80,145830,
node2,1.7213821411132812E-04,79,145830,
node2,1.6236305236816406E-04,80,145830,
node2,2.1910667419433594E-04,80,145831,
node2,1.9860267639160156E-04,80,145831,
node2,1.609325408935547E-04,80,145831,
node2,1.4710426330566406E-04,80,145831,
node2,1.2254714965820312E-04,79,145831,
node2,1.7213821411132812E-04,80,145832,
node2,1.6736984252929688E-04,80,145832,
node2,1.342296600341797E-04,80,145832,
node2,1.5974044799804688E-04,80,145832,
node2,1.0991096496582031E-04,80,145832,
node2,1.6832351684570312E-04,80,145832,
node2,8.6669921875E-03,80,145832,
node2,1.2254714965820312E-04,80,145832,
node2,1.2636184692382812E-04,80,145832,
node2,3.287792205810547E-04,79,145832,
node2,1.5473365783691406E-04,80,145833,
node2,1.888275146484375E-04,79,145833,
node2,5.583763122558594E-04,80,145833,
node2,2.0170211791992188E-04,80,145833,
node2,1.5974044799804688E-04,80,145833,
node2,1.5807151794433594E-04,79,145833,
node2,1.1777877807617188E-04,80,145833,
node2,1.7690658569335938E-04,80,145834,
node2,1.0561943054199219E-04,80,145834,
node2,2.0503997802734375E-04,80,145834,
node2,2.0766258239746094E-04,80,145834,
node2,2.2530555725097656E-04,80,145834,
node2,2.0694732666015625E-04,80,145835,
node2,2.0575523376464844E-04,80,145835,
node2,1.48773193359375E-04,80,145835,
node2,1.7905235290527344E-04,80,145835,
node2,1.8286705017089844E-04,79,145835,
node2,2.0384788513183594E-04,79,145836,
node2,1.499652862548828E-04,80,145836,
node2,1.6999244689941406E-04,80,145836,
node2,1.4445781707763672E-03,80,145837,
node2,3.364086151123047E-04,79,145838,
node2,1.3709068298339844E-04,79,145838,
node2,1.5091896057128906E-04,80,145838,
node2,1.2445449829101562E-04,79,145838,
node2,1.251697540283203E-04,80,145838,
node2,1.659393310546875E-04,79,145839,
node2,2.117156982421875E-04,80,145839,
node2,1.8858909606933594E-04,79,145839,
node2,2.193450927734375E-04,80,145840,
node2,1.418590545654297E-04,80,145840,
node2,1.308917999267578E-04,80,145840,
node2,2.0313262939453125E-04,80,145841,
node2,1.876354217529297E-04,80,145841,
node2,1.5735626220703125E-04,80,145841,
node2,2.110004425048828E-04,80,145841,
node2,2.4271011352539062E-04,79,145841,
node2,1.3875961303710938E-04,80,145841,
node2,1.6736984252929688E-04,80,145842,
node2,1.361370086669922E-04,80,145842,
node2,1.823902130126953E-04,80,145842,
node2,3.306865692138672E-04,77,145842,
node2,2.0623207092285156E-04,80,145843,
node2,3.058910369873047E-04,78,145843,
node2,1.838207244873047E-04,80,145843,
node2,1.652240753173828E-04,80,145844,
node2,1.5163421630859375E-04,80,145844,
node2,1.3375282287597656E-04,80,145844,
node2,2.105236053466797E-04,80,145844,
node2,2.415180206298828E-04,80,145845,
node2,1.4162063598632812E-04,80,145845,
node2,1.8095970153808594E-04,79,145845,
node2,1.8310546875E-04,80,145846,
node2,2.181529998779297E-04,78,145846,
node2,1.862049102783203E-04,80,145846,
node2,1.857280731201172E-04,80,145846,
node2,1.9669532775878906E-04,80,145847,
node2,1.8668174743652344E-04,80,145847,
node2,1.862049102783203E-04,80,145848,
node2,1.6236305236816406E-04,80,145848,
node2,1.5473365783691406E-04,80,145848,
node2,1.735687255859375E-04,80,145848,
node2,1.659393310546875E-04,80,145848,
node2,1.621246337890625E-04,80,145848,
node2,2.040863037109375E-04,80,145849,
node2,1.5211105346679688E-04,79,145849,
node2,1.2969970703125E-04,80,145849,
node2,1.595020294189453E-04,80,145849,
node2,1.399517059326172E-04,80,145849,
node2,1.6498565673828125E-04,80,145849,
node2,1.1873245239257812E-04,80,145849,
node2,1.2874603271484375E-04,80,145849,
node2,2.6798248291015625E-04,79,145850,
node2,1.697540283203125E-04,80,145850,
node2,1.6427040100097656E-04,80,145850,
node2,1.4209747314453125E-04,80,145850,
node2,1.423358917236328E-04,80,145850,
node2,1.8906593322753906E-04,79,145851,
node2,2.1123886108398438E-04,79,145851,
node2,1.614093780517578E-04,80,145851,
node2,1.9884109497070312E-04,80,145852,
node2,1.7762184143066406E-04,80,145852,
node2,1.659393310546875E-04,80,145852,
node2,2.281665802001953E-04,80,145853,
node2,1.9478797912597656E-04,79,145853,
node2,1.8930435180664062E-04,80,145853,
node2,1.8167495727539062E-04,80,145853,
node2,1.5592575073242188E-04,80,145853,
node2,1.3828277587890625E-04,79,145853,
node2,1.316070556640625E-04,80,145854,
node2,1.819133758544922E-04,80,145854,
node2,1.8668174743652344E-04,79,145854,
node2,1.270771026611328E-04,80,145854,
node2,1.6880035400390625E-04,80,145854,
node2,1.6689300537109375E-04,80,145854,
node2,2.0766258239746094E-04,80,145854,
node2,1.342296600341797E-04,80,145855,
node2,2.1457672119140625E-04,79,145855,
node2,1.8496513366699219E-03,80,145855,
node2,1.838207244873047E-04,80,145855,
node2,1.6641616821289062E-04,80,145855,
node2,1.6808509826660156E-04,79,145856,
node2,1.9931793212890625E-04,79,145856,
node2,1.614093780517578E-04,80,145856,
node2,1.8858909606933594E-04,80,145856,
node2,1.94549560546875E-04,80,145857,
node2,2.0837783813476562E-04,80,145857,
node2,1.3709068298339844E-04,80,145857,
node2,1.9884109497070312E-04,79,145857,
node2,2.722740173339844E-04,80,145858,
node2,1.4591217041015625E-04,80,145858,
node2,2.703666687011719E-04,80,145858,
node2,2.4890899658203125E-04,80,145858,
node2,3.285408020019531E-04,80,145858,
node2,5.385875701904297E-04,80,145859,
node2,4.673004150390625E-04,80,145859,
node2,1.7380714416503906E-04,79,145859,
node2,1.628398895263672E-04,80,145859,
node2,3.726482391357422E-04,79,145859,
node2,1.8095970153808594E-04,80,145859,
node2,1.1873245239257812E-04,80,145859,
node2,1.5091896057128906E-04,80,145859,
node2,1.4209747314453125E-04,80,145859,
node2,1.5926361083984375E-04,80,145859,
node2,1.8405914306640625E-04,79,145900,
node2,2.486705780029297E-04,80,145900,
node2,2.429485321044922E-04,79,145900,
node2,5.064010620117188E-04,80,145900,
node2,1.354217529296875E-04,80,145900,
node2,1.3518333435058594E-04,79,145900,
node2,1.7786026000976562E-04,80,145901,
node2,1.800060272216797E-04,80,145901,
node2,2.560615539550781E-04,79,145901,
node2,1.933574676513672E-04,80,145901,
node2,1.957416534423828E-04,80,145902,
node2,1.900196075439453E-04,80,145902,
node2,1.671314239501953E-04,79,145902,
node2,1.3327598571777344E-04,80,145902,
node2,2.0241737365722656E-04,80,145903,
node2,1.723766326904297E-04,80,145903,
node2,1.3566017150878906E-04,80,145903,
node2,1.494884490966797E-04,80,145903,
node2,1.6999244689941406E-04,80,145904,
node2,1.976490020751953E-04,80,145904,
node2,1.5091896057128906E-04,80,145904,
node2,2.3508071899414062E-04,79,145905,
node2,2.5582313537597656E-04,80,145905,
node2,1.6236305236816406E-04,79,145905,
node2,1.575946807861328E-04,80,145905,
node2,1.766681671142578E-04,80,145905,
node2,1.5783309936523438E-04,80,145906,
node2,1.4781951904296875E-04,80,145906,
node2,1.735687255859375E-04,80,145907,
node2,2.1195411682128906E-04,80,145907,
node2,1.52587890625E-04,79,145908,
node2,2.1195411682128906E-04,80,145908,
node2,2.2363662719726562E-04,79,145909,
node2,1.933574676513672E-04,79,145909,
node2,1.1587142944335938E-04,79,145909,
node2,1.0466575622558594E-04,80,145909,
node2,1.0657310485839844E-04,80,145909,
node2,1.4972686767578125E-04,79,145909,
node2,1.7547607421875E-04,80,145910,
node2,1.2946128845214844E-04,80,145910,
node2,1.0848045349121094E-04,80,145910,
node2,1.862049102783203E-04,80,145910,
node2,1.4662742614746094E-04,80,145910,
node2,8.032321929931641E-04,79,145911,
node2,1.2636184692382812E-04,80,145911,
node2,1.1396408081054688E-04,80,145911,
node2,1.9288063049316406E-04,79,145911,
node2,1.2683868408203125E-04,80,145911,
node2,1.4519691467285156E-04,80,145911,
node2,2.0599365234375E-04,79,145911,
node2,1.881122589111328E-04,80,145911,
node2,1.380443572998047E-04,79,145911,
node2,1.4901161193847656E-04,78,145911,
node2,1.6832351684570312E-04,80,145912,
node2,1.3375282287597656E-04,80,145912,
node2,2.2411346435546875E-04,80,145913,
node2,1.33514404296875E-04,79,145913,
node2,1.5807151794433594E-04,79,145913,
node2,3.883838653564453E-04,80,145913,
node2,1.354217529296875E-04,79,145913,
node2,1.399517059326172E-04,79,145913,
node2,1.4901161193847656E-04,80,145913,
node2,1.4090538024902344E-04,80,145914,
node2,1.9216537475585938E-04,80,145914,
node2,1.418590545654297E-04,79,145914,
node2,1.354217529296875E-04,80,145914,
node2,1.881122589111328E-04,80,145915,
node2,2.148151397705078E-04,78,145915,
node2,1.125335693359375E-04,79,145915,
node2,1.2493133544921875E-04,80,145915,
node2,1.4448165893554688E-04,80,145915,
node2,1.552104949951172E-04,80,145915,
node2,1.0561943054199219E-04,80,145915,
node2,1.18255615234375E-04,80,145915,
node2,1.5926361083984375E-04,79,145915,
node2,1.571178436279297E-04,79,145916,
node2,1.5044212341308594E-04,79,145916,
node2,1.0895729064941406E-04,80,145916,
node2,1.8787384033203125E-04,79,145916,
node2,1.1777877807617188E-04,80,145916,
node2,1.5783309936523438E-04,80,145916,
node2,1.163482666015625E-04,80,145916,
node2,1.6379356384277344E-04,80,145917,
node2,1.1777877807617188E-04,79,145917,
node2,1.1754035949707031E-04,79,145917,
node2,2.0003318786621094E-04,79,145917,
node2,1.666545867919922E-04,80,145917,
node2,2.0384788513183594E-04,80,145918,
node2,1.1372566223144531E-04,80,145918,
node2,1.8835067749023438E-04,80,145918,
node2,1.571178436279297E-04,80,145918,
node2,1.1658668518066406E-04,80,145918,
node2,1.7642974853515625E-04,80,145919,
node2,1.971721649169922E-04,80,145919,
node2,1.976490020751953E-04,79,145919,
node2,1.2612342834472656E-04,80,145919,
node2,1.0037422180175781E-04,80,145919,
node2,1.4328956604003906E-04,80,145919,
node2,1.220703125E-04,80,145919,
node2,1.0967254638671875E-04,80,145919,
node2,1.2135505676269531E-04,79,145919,
node2,1.3303756713867188E-04,80,145919,
node2,1.2063980102539062E-04,80,145919,
node2,1.804828643798828E-04,79,145920,
node2,1.71661376953125E-04,80,145920,
node2,1.86920166015625E-04,80,145920,
node2,8.893013000488281E-05,80,145920,
node2,9.775161743164062E-05,80,145920,
node2,1.361370086669922E-04,80,145921,
node2,1.7499923706054688E-04,80,145921,
node2,1.366138458251953E-04,79,145921,
node2,1.4328956604003906E-04,80,145921,
node2,1.5473365783691406E-04,80,145921,
node2,1.373291015625E-04,80,145921,
node2,1.56402587890625E-04,80,145921,
node2,1.2755393981933594E-04,80,145922,
node2,1.1873245239257812E-04,80,145922,
node2,1.5115737915039062E-04,79,145922,
node2,8.845329284667969E-05,80,145922,
node2,1.6045570373535156E-04,80,145922,
node2,9.915828704833984E-04,80,145922,
node2,1.9359588623046875E-04,79,145923,
node2,1.8906593322753906E-04,80,145923,
node2,1.4734268188476562E-04,79,145923,
node2,1.5926361083984375E-04,79,145923,
node2,1.7714500427246094E-04,80,145924,
node2,1.590251922607422E-04,79,145924,
node2,1.4710426330566406E-04,80,145924,
node2,1.8358230590820312E-04,80,145925,
node2,1.575946807861328E-04,80,145925,
node2,1.838207244873047E-04,80,145925,
node2,1.888275146484375E-04,80,145926,
node2,1.4448165893554688E-04,80,145926,
node2,1.9049644470214844E-04,80,145926,
node2,1.7380714416503906E-04,80,145926,
node2,1.823902130126953E-04,80,145927,
node2,1.506805419921875E-04,80,145927,
node2,1.6951560974121094E-04,80,145927,
node2,1.6999244689941406E-04,79,145927,
node2,1.666545867919922E-04,79,145927,
node2,1.4591217041015625E-04,80,145927,
node2,1.5354156494140625E-04,80,145928,
node2,1.9049644470214844E-04,80,145928,
node2,1.4734268188476562E-04,80,145928,
node2,1.1777877807617188E-04,80,145928,
node2,9.298324584960938E-05,80,145928,
node2,1.671314239501953E-04,80,145928,
node2,1.1324882507324219E-04,80,145928,
node2,1.678466796875E-04,79,145929,
node2,1.8310546875E-04,80,145929,
node2,1.900196075439453E-04,80,145929,
node2,1.7642974853515625E-04,79,145929,
node2,1.9288063049316406E-04,79,145930,
node2,1.4066696166992188E-04,80,145930,
node2,1.3327598571777344E-04,80,145930,
node2,1.6832351684570312E-04,79,145930,
node2,1.3184547424316406E-04,80,145930,
node2,1.4328956604003906E-04,80,145930,
node2,1.766681671142578E-04,80,145931,
node2,1.2421607971191406E-04,79,145931,
node2,1.1086463928222656E-04,79,145931,
node2,2.186298370361328E-04,79,145931,
node2,1.4972686767578125E-04,80,145931,
node2,1.900196075439453E-04,80,145931,
node2,1.571178436279297E-04,80,145932,
node2,1.3208389282226562E-04,79,145932,
node2,1.704692840576172E-04,80,145932,
node2,2.0647048950195312E-04,80,145932,
node2,1.399517059326172E-04,80,145932,
node2,1.6689300537109375E-04,80,145933,
node2,1.3399124145507812E-04,80,145933,
node2,1.2993812561035156E-04,80,145933,
node2,1.2350082397460938E-04,80,145933,
node2,1.9669532775878906E-04,80,145933,
node2,1.5091896057128906E-04,80,145933,
node2,1.671314239501953E-04,80,145934,
node2,1.3828277587890625E-04,80,145934,
node2,1.5735626220703125E-04,80,145934,
node2,1.3136863708496094E-04,79,145934,
node2,1.785755157470703E-04,79,145934,
node2,1.633167266845703E-04,80,145934,
node2,1.1539459228515625E-04,79,145934,
node2,1.709461212158203E-04,79,145934,
node2,9.107589721679688E-05,80,145934,
node2,2.0170211791992188E-04,80,145935,
node2,1.785755157470703E-04,80,145935,
node2,1.2564659118652344E-04,80,145935,
node2,1.2564659118652344E-04,80,145935,
node2,1.239776611328125E-04,79,145935,
node2,1.4734268188476562E-04,80,145935,
node2,1.2040138244628906E-04,80,145935,
node2,9.584426879882812E-05,80,145935,
node2,1.48773193359375E-04,80,145935,
node2,1.533031463623047E-04,80,145936,
node2,1.811981201171875E-04,80,145936,
node2,1.6498565673828125E-04,80,145936,
node2,1.0585784912109375E-04,80,145936,
node2,1.2731552124023438E-04,80,145936,
node2,1.8787384033203125E-04,80,145937,
node2,1.4400482177734375E-04,80,145937,
node2,1.5497207641601562E-04,80,145937,
node2,1.590251922607422E-04,80,145937,
node2,1.1587142944335938E-04,79,145937,
node2,1.2683868408203125E-04,80,145937,
node2,2.644062042236328E-04,80,145937,
node2,1.2254714965820312E-04,80,145937,
node2,1.3256072998046875E-04,80,145937,
node2,1.571178436279297E-04,80,145938,
node2,2.243518829345703E-04,78,145938,
node2,1.533031463623047E-04,79,145938,
