bandwidth for node1: 5 2023-02-06 22:04:56.179530116 -0600 CST m=+8.193419552
node1,5.705356597900391E-04,80,220456,
node1,6.482601165771484E-04,80,220457,
node1,5.996227264404297E-04,80,220457,
node1,6.170272827148438E-04,80,220458,
node1,5.922317504882812E-04,79,220458,
node1,6.589889526367188E-04,79,220500,
node1,6.275177001953125E-04,79,220502,
node1,6.322860717773438E-04,80,220502,
node1,5.984306335449219E-04,79,220502,
node1,6.039142608642578E-04,80,220502,
node1,5.748271942138672E-04,79,220503,
node1,6.084442138671875E-04,80,220503,
node1,6.363391876220703E-04,79,220504,
node1,6.022453308105469E-04,80,220505,
node1,5.977153778076172E-04,80,220505,
node1,6.310939788818359E-04,80,220506,
node1,6.215572357177734E-04,79,220506,
node1,5.946159362792969E-04,80,220506,
node1,5.712509155273438E-04,80,220507,
node1,5.788803100585938E-04,79,220508,
node1,6.086826324462891E-04,80,220509,
node1,6.067752838134766E-04,79,220510,
node1,5.970001220703125E-04,80,220510,
node1,5.764961242675781E-04,80,220511,
node1,5.896091461181641E-04,80,220512,
node1,5.743503570556641E-04,80,220513,
node1,6.287097930908203E-04,79,220513,
node1,5.910396575927734E-04,79,220514,
node1,6.103515625E-04,80,220514,
node1,6.012916564941406E-04,80,220514,
node1,5.624294281005859E-04,80,220514,
node1,6.325244903564453E-04,80,220515,
node1,6.144046783447266E-04,80,220515,
node1,5.507469177246094E-04,80,220515,
node1,5.650520324707031E-04,79,220516,
node1,6.301403045654297E-04,80,220516,
node1,6.093978881835938E-04,80,220517,
node1,1.993417739868164E-03,80,220518,
node1,6.022453308105469E-04,79,220518,
node1,7.350444793701172E-04,79,220518,
node1,5.443096160888672E-04,80,220518,
node1,6.070137023925781E-04,80,220518,
node1,7.090568542480469E-04,78,220519,
node1,5.145072937011719E-04,80,220519,
node1,6.263256072998047E-04,79,220520,
node1,5.159378051757812E-04,80,220521,
node1,5.424022674560547E-04,80,220521,
node1,5.714893341064453E-04,80,220522,
node1,6.06536865234375E-04,79,220522,
node1,5.517005920410156E-04,80,220522,
node1,6.279945373535156E-04,80,220523,
node1,5.919933319091797E-04,80,220525,
node1,5.898475646972656E-04,80,220526,
node1,5.807876586914062E-04,80,220526,
node1,5.784034729003906E-04,80,220526,
node1,6.265640258789062E-04,78,220527,
node1,5.300045013427734E-04,80,220527,
node1,6.287097930908203E-04,80,220527,
node1,5.564689636230469E-04,80,220527,
node1,5.412101745605469E-04,79,220528,
node1,6.291866302490234E-04,80,220528,
node1,5.552768707275391E-04,80,220529,
node1,5.753040313720703E-04,80,220529,
node1,5.609989166259766E-04,80,220529,
node1,5.705356597900391E-04,79,220530,
node1,5.741119384765625E-04,80,220530,
node1,5.176067352294922E-04,80,220530,
node1,6.000995635986328E-04,80,220530,
node1,6.096363067626953E-04,80,220531,
node1,6.434917449951172E-04,80,220532,
node1,5.712509155273438E-04,80,220533,
node1,5.984306335449219E-04,79,220533,
node1,5.810260772705078E-04,80,220533,
node1,6.363391876220703E-04,80,220538,
node1,5.502700805664062E-04,80,220538,
node1,5.891323089599609E-04,80,220539,
node1,5.714893341064453E-04,80,220539,
node1,5.819797515869141E-04,80,220540,
node1,5.953311920166016E-04,80,220540,
node1,5.795955657958984E-04,80,220540,
node1,5.829334259033203E-04,80,220541,
node1,6.21795654296875E-04,79,220541,
node1,5.688667297363281E-04,80,220541,
node1,6.465911865234375E-04,80,220542,
node1,6.825923919677734E-04,79,220543,
node1,5.686283111572266E-04,80,220544,
node1,6.206035614013672E-04,80,220545,
node1,5.552768707275391E-04,80,220546,
node1,5.679130554199219E-04,80,220546,
node1,6.170272827148438E-04,80,220547,
node1,5.304813385009766E-04,80,220548,
node1,5.612373352050781E-04,80,220548,
node1,6.668567657470703E-04,80,220548,
node1,6.0272216796875E-04,78,220549,
node1,5.419254302978516E-04,80,220549,
node1,6.299018859863281E-04,80,220549,
node1,6.034374237060547E-04,79,220550,
node1,6.093978881835938E-04,79,220551,
node1,5.970001220703125E-04,79,220553,
node1,6.160736083984375E-04,80,220553,
node1,6.113052368164062E-04,80,220553,
node1,5.576610565185547E-04,80,220553,
node1,6.856918334960938E-04,80,220554,
node1,5.412101745605469E-04,80,220554,
node1,5.609989166259766E-04,80,220554,
node1,6.377696990966797E-04,80,220556,
node1,5.643367767333984E-04,80,220556,
node1,6.082057952880859E-04,80,220556,
node1,6.401538848876953E-04,80,220557,
node1,5.795955657958984E-04,80,220557,
node1,5.431175231933594E-04,79,220558,
node1,5.934238433837891E-04,80,220559,
node1,5.354881286621094E-04,79,220559,
node1,5.807876586914062E-04,80,220601,
node1,5.786418914794922E-04,80,220601,
node1,4.894733428955078E-04,80,220601,
node1,5.967617034912109E-04,80,220601,
node1,5.438327789306641E-04,80,220602,
node1,6.384849548339844E-04,79,220602,
node1,6.082057952880859E-04,80,220603,
node1,5.426406860351562E-04,80,220603,
node1,5.333423614501953E-04,80,220603,
node1,6.074905395507812E-04,79,220603,
node1,5.464553833007812E-04,79,220603,
node1,6.508827209472656E-04,80,220605,
node1,5.259513854980469E-04,80,220605,
node1,5.133152008056641E-04,80,220606,
node1,5.581378936767578E-04,80,220606,
node1,4.906654357910156E-04,80,220606,
node1,5.471706390380859E-04,80,220606,
node1,5.087852478027344E-04,79,220606,
node1,5.548000335693359E-04,79,220606,
node1,5.459785461425781E-04,80,220607,
node1,5.242824554443359E-04,79,220607,
node1,5.235671997070312E-04,80,220607,
node1,5.922317504882812E-04,79,220607,
node1,6.091594696044922E-04,80,220608,
node1,5.929470062255859E-04,80,220609,
node1,5.631446838378906E-04,80,220611,
node1,5.948543548583984E-04,80,220611,
node1,6.299018859863281E-04,79,220611,
node1,5.693435668945312E-04,80,220612,
node1,5.421638488769531E-04,80,220612,
node1,6.260871887207031E-04,80,220613,
node1,5.705356597900391E-04,80,220615,
node1,6.413459777832031E-04,80,220616,
node1,5.404949188232422E-04,80,220617,
node1,5.826950073242188E-04,79,220617,
node1,6.048679351806641E-04,80,220617,
node1,6.291866302490234E-04,80,220618,
node1,5.68389892578125E-04,80,220619,
node1,6.282329559326172E-04,80,220621,
node1,5.388259887695312E-04,80,220621,
node1,6.165504455566406E-04,80,220621,
node1,6.234645843505859E-04,80,220622,
node1,5.965232849121094E-04,80,220622,
node1,5.586147308349609E-04,80,220622,
node1,7.052421569824219E-04,80,220622,
node1,5.745887756347656E-04,80,220623,
node1,5.412101745605469E-04,79,220623,
node1,5.803108215332031E-04,80,220623,
node1,5.490779876708984E-04,80,220623,
node1,5.929470062255859E-04,80,220624,
node1,5.946159362792969E-04,80,220625,
node1,5.908012390136719E-04,80,220625,
node1,5.621910095214844E-04,79,220625,
node1,5.431175231933594E-04,80,220626,
node1,6.139278411865234E-04,80,220627,
node1,6.020069122314453E-04,79,220627,
node1,5.927085876464844E-04,80,220628,
node1,5.815029144287109E-04,79,220629,
node1,5.109310150146484E-04,80,220630,
node1,6.170272827148438E-04,79,220631,
node1,5.850791931152344E-04,79,220632,
node1,6.353855133056641E-04,80,220633,
node1,6.103515625E-04,80,220633,
node1,5.559921264648438E-04,80,220634,
node1,5.877017974853516E-04,80,220634,
node1,4.878044128417969E-04,80,220634,
node1,6.170272827148438E-04,80,220636,
node1,6.062984466552734E-04,80,220636,
node1,5.645751953125E-04,80,220636,
