node6,0,5,145802
node6,9.987974166870117E-02,80,145802,
node6,1.0991096496582031E-04,80,145802,
node6,1.6927719116210938E-04,80,145802,
node6,1.251697540283203E-04,78,145802,
node6,9.799003601074219E-05,80,145802,
node6,1.468658447265625E-04,80,145802,
node6,2.6917457580566406E-04,80,145802,
node6,1.437664031982422E-04,80,145803,
node6,1.533031463623047E-04,80,145803,
node6,1.3899803161621094E-04,80,145804,
node6,1.2302398681640625E-04,80,145804,
node6,1.4472007751464844E-04,79,145804,
node6,1.5687942504882812E-04,80,145804,
node6,1.0943412780761719E-04,80,145804,
node6,1.2731552124023438E-04,79,145805,
node6,1.0824203491210938E-04,79,145805,
node6,1.552104949951172E-04,80,145805,
node6,1.628398895263672E-04,79,145806,
node6,1.0704994201660156E-04,80,145806,
node6,1.5425682067871094E-04,80,145806,
node6,1.2183189392089844E-04,79,145806,
node6,1.647472381591797E-04,80,145807,
node6,8.0108642578125E-05,80,145807,
node6,1.1444091796875E-04,80,145807,
node6,9.393692016601562E-05,80,145807,
node6,8.130073547363281E-05,80,145807,
node6,1.3136863708496094E-04,79,145807,
node6,1.537799835205078E-04,79,145807,
node6,9.441375732421875E-05,80,145807,
node6,5.698204040527344E-05,80,145807,
node6,1.227855682373047E-04,80,145807,
node6,1.02996826171875E-04,79,145808,
node6,1.0347366333007812E-04,80,145808,
node6,1.9168853759765625E-04,80,145808,
node6,1.800060272216797E-04,79,145809,
node6,1.685619354248047E-04,80,145809,
node6,1.4448165893554688E-04,80,145809,
node6,1.709461212158203E-04,79,145810,
node6,1.4352798461914062E-04,80,145810,
node6,1.1539459228515625E-04,79,145810,
node6,6.413459777832031E-05,80,145810,
node6,1.5020370483398438E-04,80,145810,
node6,1.6999244689941406E-04,80,145811,
node6,1.513957977294922E-04,80,145811,
node6,1.0776519775390625E-04,80,145811,
node6,1.3518333435058594E-04,80,145811,
node6,6.604194641113281E-05,80,145811,
node6,8.797645568847656E-05,80,145811,
node6,1.442432403564453E-04,78,145812,
node6,1.5020370483398438E-04,80,145812,
node6,1.1086463928222656E-04,80,145812,
node6,1.4448165893554688E-04,80,145812,
node6,1.289844512939453E-04,80,145812,
node6,9.322166442871094E-05,79,145812,
node6,1.1301040649414062E-04,80,145812,
node6,1.3446807861328125E-04,80,145812,
node6,1.4162063598632812E-04,80,145813,
node6,4.534721374511719E-04,80,145813,
node6,1.25885009765625E-04,80,145813,
node6,1.404285430908203E-04,80,145814,
node6,1.0466575622558594E-04,80,145814,
node6,1.6927719116210938E-04,80,145815,
node6,1.239776611328125E-04,80,145815,
node6,1.4019012451171875E-04,80,145815,
node6,1.652240753173828E-04,80,145816,
node6,6.198883056640625E-05,80,145816,
node6,1.7261505126953125E-04,79,145816,
node6,1.4257431030273438E-04,79,145817,
node6,1.423358917236328E-04,80,145817,
node6,1.6427040100097656E-04,80,145817,
node6,1.5926361083984375E-04,80,145817,
node6,1.232624053955078E-04,80,145817,
node6,9.441375732421875E-05,80,145817,
node6,1.2540817260742188E-04,80,145817,
node6,1.785755157470703E-04,80,145818,
node6,1.7333030700683594E-04,80,145818,
node6,1.7642974853515625E-04,80,145819,
node6,1.4138221740722656E-04,80,145819,
node6,6.270408630371094E-05,80,145819,
node6,1.6808509826660156E-04,79,145819,
node6,1.3113021850585938E-04,80,145819,
node6,1.804828643798828E-04,80,145820,
node6,1.842975616455078E-04,80,145820,
node6,9.250640869140625E-05,80,145820,
node6,1.9502639770507812E-04,78,145820,
node6,1.6498565673828125E-04,80,145821,
node6,6.842613220214844E-05,79,145821,
node6,1.723766326904297E-04,80,145821,
node6,1.5163421630859375E-04,80,145821,
node6,1.5783309936523438E-04,80,145821,
node6,1.1777877807617188E-04,80,145821,
node6,1.068115234375E-04,80,145821,
node6,1.3303756713867188E-04,80,145822,
node6,1.3899803161621094E-04,79,145822,
node6,1.4352798461914062E-04,80,145822,
node6,1.4591217041015625E-04,80,145822,
node6,1.2612342834472656E-04,79,145822,
node6,1.4231204986572266E-03,80,145822,
node6,1.609325408935547E-04,80,145823,
node6,4.178047180175781E-03,79,145823,
node6,1.590251922607422E-04,80,145823,
node6,1.385211944580078E-04,80,145824,
node6,6.914138793945312E-05,80,145824,
node6,6.2580108642578125E-03,79,145824,
node6,1.52587890625E-04,80,145824,
node6,1.232624053955078E-04,80,145824,
node6,1.5616416931152344E-04,80,145824,
node6,1.1205673217773438E-04,80,145824,
node6,1.4519691467285156E-04,80,145824,
node6,1.823902130126953E-04,80,145825,
node6,1.404285430908203E-04,80,145825,
node6,1.392364501953125E-04,79,145825,
node6,1.9407272338867188E-04,80,145826,
node6,1.71661376953125E-04,79,145826,
node6,1.2445449829101562E-04,80,145826,
node6,2.052783966064453E-04,78,145826,
node6,1.544952392578125E-04,80,145827,
node6,1.373291015625E-04,79,145827,
node6,1.3637542724609375E-04,80,145827,
node6,9.441375732421875E-05,80,145827,
node6,8.034706115722656E-05,80,145827,
node6,2.377033233642578E-04,79,145828,
node6,1.7189979553222656E-04,80,145828,
node6,1.7189979553222656E-04,80,145828,
node6,1.5354156494140625E-04,79,145828,
node6,1.94549560546875E-04,78,145828,
node6,1.2612342834472656E-04,80,145828,
node6,1.342296600341797E-04,79,145828,
node6,7.867813110351562E-05,80,145828,
node6,1.678466796875E-04,80,145829,
node6,1.2755393981933594E-04,80,145829,
node6,1.6999244689941406E-04,80,145829,
node6,1.7070770263671875E-04,80,145829,
node6,1.4317035675048828E-03,79,145830,
node6,2.0623207092285156E-04,80,145831,
node6,2.224445343017578E-04,80,145831,
node6,1.7571449279785156E-04,80,145832,
node6,1.1110305786132812E-04,80,145832,
node6,1.862049102783203E-04,80,145832,
node6,1.5282630920410156E-04,80,145832,
node6,1.4901161193847656E-04,80,145832,
node6,3.190040588378906E-04,78,145832,
node6,1.9407272338867188E-04,80,145833,
node6,1.952648162841797E-04,79,145833,
node6,2.55584716796875E-04,79,145833,
node6,1.6045570373535156E-04,79,145833,
node6,1.4662742614746094E-04,80,145833,
node6,1.5616416931152344E-04,80,145834,
node6,1.537799835205078E-04,80,145834,
node6,1.9168853759765625E-04,80,145834,
node6,1.6689300537109375E-04,79,145835,
node6,7.224082946777344E-05,79,145835,
node6,1.595020294189453E-04,80,145835,
node6,1.7881393432617188E-04,79,145835,
node6,1.9884109497070312E-04,78,145835,
node6,1.8596649169921875E-04,79,145835,
node6,1.7333030700683594E-04,79,145835,
node6,1.3017654418945312E-04,80,145835,
node6,2.0003318786621094E-04,80,145835,
node6,2.0432472229003906E-04,79,145836,
node6,1.518726348876953E-04,80,145836,
node6,1.7452239990234375E-04,80,145836,
node6,1.6188621520996094E-04,80,145836,
node6,1.614093780517578E-04,79,145836,
node6,1.7499923706054688E-04,80,145837,
node6,1.964569091796875E-04,79,145837,
node6,9.131431579589844E-05,80,145837,
node6,1.6355514526367188E-04,80,145837,
node6,1.6379356384277344E-04,80,145837,
node6,9.250640869140625E-05,80,145837,
node6,2.193450927734375E-04,80,145838,
node6,1.418590545654297E-04,80,145838,
node6,1.6260147094726562E-04,80,145838,
node6,2.162456512451172E-04,80,145838,
node6,1.5974044799804688E-04,79,145838,
node6,1.4543533325195312E-04,80,145838,
node6,2.1147727966308594E-04,80,145839,
node6,1.8262863159179688E-04,79,145839,
node6,1.4829635620117188E-04,80,145839,
node6,1.246929168701172E-04,80,145839,
node6,1.9669532775878906E-04,79,145840,
node6,2.0051002502441406E-04,78,145840,
node6,1.633167266845703E-04,80,145840,
node6,1.7499923706054688E-04,80,145840,
node6,1.366138458251953E-04,80,145841,
node6,1.6021728515625E-04,79,145841,
node6,8.654594421386719E-05,80,145841,
node6,1.728534698486328E-04,80,145841,
node6,2.1123886108398438E-04,78,145841,
node6,1.571178436279297E-04,80,145841,
node6,1.7023086547851562E-04,80,145842,
node6,1.4209747314453125E-04,79,145842,
node6,1.544952392578125E-04,80,145842,
node6,1.6927719116210938E-04,80,145842,
node6,1.1205673217773438E-04,80,145842,
node6,1.418590545654297E-04,80,145842,
node6,1.6164779663085938E-04,80,145843,
node6,2.2864341735839844E-04,79,145843,
node6,1.480579376220703E-04,80,145843,
node6,1.5687942504882812E-04,80,145843,
node6,1.4925003051757812E-04,79,145843,
node6,9.799003601074219E-05,80,145843,
node6,1.0848045349121094E-04,80,145843,
node6,1.690387725830078E-04,79,145844,
node6,6.413459777832031E-05,80,145844,
node6,1.666545867919922E-04,80,145844,
node6,1.392364501953125E-04,80,145844,
node6,1.773834228515625E-04,80,145845,
node6,1.1134147644042969E-04,80,145845,
node6,1.5854835510253906E-04,80,145845,
node6,1.1682510375976562E-04,80,145845,
node6,1.926422119140625E-04,80,145845,
node6,1.876354217529297E-04,80,145845,
node6,1.8262863159179688E-04,80,145846,
node6,1.575946807861328E-04,79,145846,
node6,1.5497207641601562E-04,79,145846,
node6,1.4853477478027344E-04,80,145846,
node6,1.2922286987304688E-04,80,145847,
node6,1.5306472778320312E-04,80,145847,
node6,1.8405914306640625E-04,80,145847,
node6,1.709461212158203E-04,80,145847,
node6,7.2479248046875E-05,80,145847,
node6,1.5544891357421875E-04,80,145848,
node6,1.4951229095458984E-03,80,145848,
node6,2.048015594482422E-04,80,145849,
node6,1.842975616455078E-04,80,145850,
node6,1.6617774963378906E-04,80,145850,
node6,1.6760826110839844E-04,80,145850,
node6,1.2612342834472656E-04,80,145850,
node6,1.4209747314453125E-04,79,145851,
node6,1.3899803161621094E-04,80,145851,
node6,1.5616416931152344E-04,80,145851,
node6,1.3208389282226562E-04,80,145851,
node6,1.0657310485839844E-04,80,145851,
node6,8.368492126464844E-05,80,145851,
node6,1.52587890625E-04,80,145852,
node6,1.5974044799804688E-04,80,145852,
node6,1.4591217041015625E-04,80,145852,
node6,1.704692840576172E-04,80,145852,
node6,1.6498565673828125E-04,80,145852,
node6,2.0623207092285156E-04,79,145853,
node6,1.571178436279297E-04,79,145853,
node6,1.3828277587890625E-04,80,145853,
node6,1.7833709716796875E-04,80,145853,
node6,1.659393310546875E-04,80,145854,
node6,9.655952453613281E-05,80,145854,
node6,8.916854858398438E-05,80,145854,
node6,7.963180541992188E-05,80,145854,
node6,1.4815330505371094E-03,79,145855,
node6,1.6546249389648438E-04,80,145855,
node6,1.5687942504882812E-04,80,145855,
node6,1.0943412780761719E-04,79,145855,
node6,1.6379356384277344E-04,80,145855,
node6,9.298324584960938E-05,80,145855,
node6,1.933574676513672E-04,80,145856,
node6,1.628398895263672E-04,79,145856,
node6,8.821487426757812E-05,80,145856,
node6,9.584426879882812E-05,80,145856,
node6,1.4328956604003906E-04,80,145856,
node6,1.1048316955566406E-03,80,145856,
node6,1.0728836059570312E-04,80,145856,
node6,1.6927719116210938E-04,80,145857,
node6,1.571178436279297E-04,80,145857,
node6,2.713203430175781E-04,80,145858,
node6,2.1767616271972656E-04,80,145858,
node6,1.9621849060058594E-04,79,145858,
node6,1.404285430908203E-04,79,145858,
node6,8.106231689453125E-05,80,145858,
node6,1.1682510375976562E-04,80,145858,
node6,1.7142295837402344E-04,79,145859,
node6,1.1610984802246094E-04,80,145859,
node6,1.583099365234375E-04,80,145859,
node6,1.7571449279785156E-04,79,145900,
node6,1.761913299560547E-04,79,145900,
node6,1.6260147094726562E-04,80,145900,
node6,1.277923583984375E-04,80,145900,
node6,1.5163421630859375E-04,80,145900,
node6,1.4448165893554688E-04,80,145900,
node6,1.4591217041015625E-04,80,145900,
node6,1.0561943054199219E-04,80,145900,
node6,1.952648162841797E-04,80,145901,
node6,1.7213821411132812E-04,80,145901,
node6,2.4509429931640625E-04,80,145902,
node6,1.4710426330566406E-04,79,145902,
node6,1.9693374633789062E-04,80,145902,
node6,1.571178436279297E-04,80,145902,
node6,2.067089080810547E-04,79,145903,
node6,1.4400482177734375E-04,80,145903,
node6,9.679794311523438E-05,80,145903,
node6,1.5544891357421875E-04,80,145903,
node6,3.01361083984375E-04,80,145903,
node6,1.2111663818359375E-03,80,145903,
node6,1.7547607421875E-04,80,145904,
node6,1.6736984252929688E-04,80,145904,
node6,1.5544891357421875E-04,80,145904,
node6,1.6045570373535156E-04,80,145904,
node6,1.6307830810546875E-04,79,145904,
node6,1.7571449279785156E-04,80,145905,
node6,1.1794567108154297E-03,80,145905,
node6,1.7571449279785156E-04,79,145905,
node6,1.544952392578125E-04,80,145905,
node6,1.7213821411132812E-04,80,145906,
node6,1.8548965454101562E-04,79,145906,
node6,1.3184547424316406E-04,80,145906,
node6,1.571178436279297E-04,80,145907,
node6,1.5425682067871094E-04,80,145907,
node6,1.56402587890625E-04,80,145907,
node6,1.6832351684570312E-04,80,145907,
node6,1.227855682373047E-04,80,145907,
node6,1.5687942504882812E-04,80,145908,
node6,1.4448165893554688E-04,80,145908,
node6,1.7690658569335938E-04,80,145908,
node6,1.380443572998047E-04,80,145909,
node6,1.575946807861328E-04,79,145909,
node6,1.5163421630859375E-04,79,145909,
node6,1.2135505676269531E-04,80,145909,
node6,1.323223114013672E-04,80,145909,
node6,8.215904235839844E-04,80,145909,
node6,9.918212890625E-05,80,145909,
node6,8.916854858398438E-05,80,145909,
node6,1.628398895263672E-04,80,145910,
node6,9.775161743164062E-05,80,145910,
node6,9.369850158691406E-05,80,145910,
node6,7.05718994140625E-05,80,145910,
node6,9.226799011230469E-05,80,145910,
node6,1.6617774963378906E-04,80,145910,
node6,1.685619354248047E-04,80,145911,
node6,1.8405914306640625E-04,79,145911,
node6,1.6832351684570312E-04,78,145911,
node6,1.4472007751464844E-04,80,145911,
node6,1.614093780517578E-04,80,145912,
node6,1.0704994201660156E-04,80,145912,
node6,1.3256072998046875E-04,80,145912,
node6,1.881122589111328E-04,80,145912,
node6,1.7595291137695312E-04,79,145912,
node6,6.198883056640625E-05,80,145912,
node6,1.5616416931152344E-04,79,145912,
node6,2.2029876708984375E-04,78,145912,
node6,6.842613220214844E-05,80,145913,
node6,1.2183189392089844E-04,80,145913,
node6,1.4662742614746094E-04,80,145913,
node6,1.442432403564453E-04,80,145913,
node6,1.399517059326172E-04,80,145913,
node6,1.3756752014160156E-04,80,145913,
node6,6.077289581298828E-04,80,145914,
node6,1.4257431030273438E-04,80,145914,
node6,1.6188621520996094E-04,80,145914,
node6,1.494884490966797E-04,80,145914,
node6,1.5687942504882812E-04,79,145915,
node6,8.916854858398438E-04,79,145915,
node6,1.1396408081054688E-04,79,145915,
node6,9.322166442871094E-05,79,145915,
node6,1.590251922607422E-04,80,145915,
node6,1.2803077697753906E-04,79,145915,
node6,1.0013580322265625E-04,80,145915,
node6,1.304149627685547E-04,80,145915,
node6,1.6164779663085938E-04,80,145916,
node6,6.079673767089844E-05,80,145916,
node6,8.225440979003906E-05,80,145916,
node6,1.0275840759277344E-04,80,145916,
node6,7.414817810058594E-04,77,145916,
node6,1.1920928955078125E-04,80,145916,
node6,1.02996826171875E-04,80,145916,
node6,1.4638900756835938E-04,79,145916,
node6,8.916854858398438E-05,79,145916,
node6,1.6260147094726562E-04,80,145917,
node6,1.4591217041015625E-04,80,145917,
node6,1.4257431030273438E-04,79,145917,
node6,1.392364501953125E-04,80,145917,
node6,1.2063980102539062E-04,80,145917,
node6,2.117156982421875E-04,80,145917,
node6,1.621246337890625E-04,80,145918,
node6,1.0371208190917969E-04,79,145918,
node6,1.7547607421875E-04,79,145918,
node6,3.165006637573242E-03,76,145919,
node6,1.494884490966797E-04,80,145919,
node6,1.1515617370605469E-04,80,145919,
node6,1.0704994201660156E-04,80,145919,
node6,7.224082946777344E-05,79,145919,
node6,8.273124694824219E-05,80,145919,
node6,1.747608184814453E-04,80,145920,
node6,1.9478797912597656E-04,80,145920,
node6,1.628398895263672E-04,80,145920,
node6,1.7547607421875E-04,80,145921,
node6,7.343292236328125E-05,80,145921,
node6,2.295970916748047E-04,78,145921,
node6,1.6427040100097656E-04,80,145922,
node6,1.633167266845703E-04,79,145922,
node6,1.347064971923828E-04,80,145922,
node6,8.320808410644531E-05,79,145922,
node6,6.461143493652344E-05,80,145922,
node6,1.499652862548828E-04,79,145923,
node6,1.0037422180175781E-04,79,145923,
node6,8.869171142578125E-05,79,145923,
node6,1.0085105895996094E-04,80,145923,
node6,9.489059448242188E-05,80,145923,
node6,1.5234947204589844E-04,79,145923,
node6,1.18255615234375E-04,80,145923,
node6,1.0704994201660156E-04,80,145923,
node6,6.937980651855469E-05,80,145923,
node6,1.3971328735351562E-04,80,145923,
node6,1.5020370483398438E-04,79,145923,
node6,1.3256072998046875E-04,80,145924,
node6,1.5163421630859375E-04,80,145924,
node6,1.3375282287597656E-04,80,145924,
node6,6.604194641113281E-05,79,145924,
node6,9.655952453613281E-05,80,145924,
node6,1.2421607971191406E-04,80,145924,
node6,9.989738464355469E-05,80,145924,
node6,1.5163421630859375E-04,80,145925,
node6,1.5020370483398438E-04,80,145925,
node6,1.7118453979492188E-04,79,145925,
node6,1.5783309936523438E-04,80,145926,
node6,9.1552734375E-05,80,145926,
node6,1.494884490966797E-04,80,145926,
node6,1.3709068298339844E-04,80,145926,
node6,1.575946807861328E-04,80,145927,
node6,1.7762184143066406E-04,78,145927,
node6,9.632110595703125E-05,80,145927,
node6,1.0514259338378906E-04,80,145927,
node6,2.0575523376464844E-04,80,145927,
node6,1.7762184143066406E-04,79,145928,
node6,1.7380714416503906E-04,79,145928,
node6,1.3971328735351562E-04,80,145928,
node6,1.6188621520996094E-04,80,145928,
node6,1.7404556274414062E-04,80,145929,
node6,1.6069412231445312E-04,80,145929,
node6,1.4925003051757812E-04,79,145930,
node6,1.7142295837402344E-04,79,145930,
node6,1.513957977294922E-04,79,145930,
node6,1.2373924255371094E-04,80,145930,
node6,1.666545867919922E-04,79,145931,
node6,1.3685226440429688E-04,80,145931,
node6,1.2350082397460938E-04,80,145931,
node6,1.5974044799804688E-04,80,145931,
node6,6.365776062011719E-05,80,145931,
node6,1.2612342834472656E-04,79,145931,
node6,1.3971328735351562E-04,79,145932,
node6,1.7762184143066406E-04,80,145932,
node6,1.5091896057128906E-04,79,145933,
node6,1.544952392578125E-04,80,145933,
node6,1.1849403381347656E-04,80,145933,
node6,1.5211105346679688E-04,80,145933,
node6,7.271766662597656E-05,80,145933,
node6,1.8739700317382812E-04,80,145933,
node6,1.6045570373535156E-04,79,145933,
node6,1.5926361083984375E-04,80,145934,
node6,1.385211944580078E-04,80,145934,
node6,8.96453857421875E-05,80,145934,
node6,1.2969970703125E-04,80,145934,
node6,9.274482727050781E-05,79,145934,
node6,9.608268737792969E-05,80,145934,
node6,7.677078247070312E-05,80,145934,
node6,9.870529174804688E-05,79,145934,
node6,1.533031463623047E-04,79,145935,
node6,1.8548965454101562E-04,80,145935,
node6,1.6069412231445312E-04,79,145936,
node6,1.5115737915039062E-04,80,145936,
node6,1.595020294189453E-04,80,145937,
node6,1.7213821411132812E-04,79,145937,
node6,1.747608184814453E-04,80,145937,
node6,1.1801719665527344E-04,79,145937,
node6,1.1086463928222656E-04,79,145938,
node6,6.508827209472656E-05,80,145938,
