node5,0,5,145801
node5,2.162456512451172E-04,80,145801,
node5,2.4700164794921875E-04,79,145801,
node5,2.593994140625E-04,80,145802,
node5,2.55584716796875E-04,79,145802,
node5,2.4580955505371094E-04,80,145802,
node5,2.722740173339844E-04,79,145802,
node5,2.865791320800781E-04,80,145803,
node5,2.448558807373047E-04,80,145803,
node5,2.7632713317871094E-04,79,145803,
node5,2.048015594482422E-04,80,145803,
node5,1.8978118896484375E-04,79,145803,
node5,2.3746490478515625E-04,80,145803,
node5,2.655982971191406E-04,80,145804,
node5,2.779960632324219E-04,80,145804,
node5,2.3245811462402344E-04,80,145804,
node5,2.739429473876953E-04,80,145805,
node5,2.837181091308594E-04,80,145805,
node5,2.2983551025390625E-04,80,145806,
node5,2.4247169494628906E-04,79,145806,
node5,2.1004676818847656E-04,80,145806,
node5,2.1958351135253906E-04,80,145806,
node5,1.556873321533203E-04,80,145806,
node5,2.636909484863281E-04,79,145808,
node5,2.47955322265625E-04,80,145808,
node5,1.685619354248047E-04,79,145808,
node5,2.4390220642089844E-04,79,145808,
node5,2.8634071350097656E-04,80,145809,
node5,1.8262863159179688E-04,80,145809,
node5,2.8228759765625E-04,80,145809,
node5,2.567768096923828E-04,80,145810,
node5,2.593994140625E-04,80,145810,
node5,1.9097328186035156E-04,80,145810,
node5,1.857280731201172E-04,80,145810,
node5,2.6607513427734375E-04,80,145811,
node5,2.1791458129882812E-04,80,145811,
node5,2.529621124267578E-04,80,145811,
node5,2.346038818359375E-04,79,145811,
node5,2.541542053222656E-04,79,145812,
node5,1.8596649169921875E-04,80,145812,
node5,5.205869674682617E-03,79,145812,
node5,2.337932586669922E-03,80,145812,
node5,2.434253692626953E-04,80,145813,
node5,2.44140625E-04,80,145813,
node5,1.7786026000976562E-04,80,145813,
node5,2.1147727966308594E-04,80,145813,
node5,2.562999725341797E-04,80,145814,
node5,2.6917457580566406E-04,80,145814,
node5,1.9049644470214844E-04,80,145814,
node5,1.583099365234375E-04,80,145814,
node5,2.455711364746094E-04,80,145814,
node5,2.0742416381835938E-04,80,145814,
node5,3.688335418701172E-04,80,145814,
node5,1.7261505126953125E-04,80,145814,
node5,2.0170211791992188E-04,80,145815,
node5,2.014636993408203E-04,80,145815,
node5,1.6951560974121094E-04,80,145815,
node5,2.6869773864746094E-04,80,145815,
node5,2.1910667419433594E-04,80,145816,
node5,1.8358230590820312E-04,80,145816,
node5,2.6702880859375E-04,80,145816,
node5,1.8358230590820312E-04,80,145816,
node5,2.4056434631347656E-04,80,145816,
node5,2.815723419189453E-04,80,145817,
node5,2.8777122497558594E-04,80,145817,
node5,2.184629440307617E-03,79,145817,
node5,2.5963783264160156E-04,80,145817,
node5,2.377033233642578E-04,80,145818,
node5,2.605915069580078E-04,80,145818,
node5,4.3833255767822266E-03,80,145818,
node5,2.3865699768066406E-04,80,145818,
node5,2.2172927856445312E-04,79,145818,
node5,2.8014183044433594E-04,79,145818,
node5,2.765655517578125E-04,79,145819,
node5,2.5177001953125E-04,79,145819,
node5,2.6488304138183594E-04,80,145819,
node5,2.014636993408203E-04,79,145819,
node5,2.894401550292969E-04,80,145819,
node5,1.9073486328125E-04,80,145819,
node5,2.1004676818847656E-04,79,145819,
node5,2.4127960205078125E-04,80,145819,
node5,3.0350685119628906E-04,80,145820,
node5,2.7632713317871094E-04,80,145820,
node5,2.3484230041503906E-04,80,145820,
node5,2.675056457519531E-04,80,145820,
node5,2.636909484863281E-04,79,145821,
node5,2.2649765014648438E-04,79,145821,
node5,2.474784851074219E-04,80,145821,
node5,3.063678741455078E-04,79,145821,
node5,2.808570861816406E-04,79,145822,
node5,2.3818016052246094E-04,80,145822,
node5,2.675056457519531E-04,80,145822,
node5,2.0575523376464844E-04,80,145822,
node5,1.533031463623047E-04,80,145822,
node5,2.636909484863281E-04,79,145822,
node5,2.0647048950195312E-04,80,145822,
node5,1.9168853759765625E-04,80,145823,
node5,1.5687942504882812E-04,80,145823,
node5,1.1877298355102539E-02,78,145823,
node5,2.503395080566406E-04,79,145823,
node5,2.6154518127441406E-04,80,145823,
node5,2.617835998535156E-04,80,145823,
node5,2.543926239013672E-04,80,145824,
node5,2.541542053222656E-04,80,145824,
node5,2.7060508728027344E-04,80,145824,
node5,1.8930435180664062E-04,79,145824,
node5,2.8252601623535156E-04,80,145824,
node5,2.880096435546875E-04,79,145825,
node5,2.4247169494628906E-04,80,145826,
node5,1.9407272338867188E-04,80,145826,
node5,2.002716064453125E-04,80,145826,
node5,1.5974044799804688E-04,80,145826,
node5,1.8477439880371094E-04,80,145826,
node5,2.3055076599121094E-04,80,145826,
node5,2.200603485107422E-04,80,145826,
node5,2.722740173339844E-04,80,145827,
node5,2.608299255371094E-04,79,145827,
node5,2.44140625E-04,80,145827,
node5,2.3317337036132812E-04,80,145827,
node5,2.7680397033691406E-04,80,145828,
node5,2.5653839111328125E-04,79,145828,
node5,1.9860267639160156E-04,80,145828,
node5,1.7499923706054688E-04,80,145828,
node5,2.2864341735839844E-04,80,145828,
node5,2.1505355834960938E-04,80,145828,
node5,1.728534698486328E-04,80,145828,
node5,2.13623046875E-04,79,145828,
node5,2.570152282714844E-04,79,145829,
node5,2.7179718017578125E-04,80,145830,
node5,4.098176956176758E-03,80,145830,
node5,1.919269561767578E-04,80,145830,
node5,2.639293670654297E-04,80,145830,
node5,2.5916099548339844E-04,80,145830,
node5,3.2019615173339844E-04,79,145830,
node5,2.6702880859375E-04,80,145830,
node5,2.7251243591308594E-04,80,145831,
node5,3.268718719482422E-04,80,145831,
node5,3.3092498779296875E-04,80,145832,
node5,2.269744873046875E-04,79,145832,
node5,3.5953521728515625E-04,80,145832,
node5,2.8252601623535156E-04,80,145832,
node5,2.3937225341796875E-04,80,145832,
node5,2.741813659667969E-04,78,145833,
node5,1.445770263671875E-03,80,145833,
node5,2.684593200683594E-04,80,145833,
node5,2.7370452880859375E-04,78,145833,
node5,1.6570091247558594E-04,79,145833,
node5,2.677440643310547E-04,79,145834,
node5,2.4580955505371094E-04,80,145834,
node5,1.976490020751953E-04,80,145834,
node5,1.8835067749023438E-04,80,145834,
node5,2.0623207092285156E-04,80,145834,
node5,2.925395965576172E-04,80,145835,
node5,2.40325927734375E-04,79,145835,
node5,3.3388137817382812E-03,80,145836,
node5,2.6035308837890625E-04,80,145836,
node5,2.3794174194335938E-04,79,145836,
node5,2.7632713317871094E-04,80,145837,
node5,2.7298927307128906E-04,80,145838,
node5,2.410411834716797E-04,80,145838,
node5,2.071857452392578E-04,80,145838,
node5,2.5177001953125E-04,80,145839,
node5,1.4209747314453125E-04,80,145839,
node5,2.9754638671875E-04,80,145839,
node5,1.938343048095703E-04,80,145839,
node5,6.248950958251953E-04,80,145840,
node5,2.913475036621094E-04,80,145840,
node5,2.033710479736328E-04,80,145840,
node5,2.574920654296875E-04,79,145840,
node5,2.6106834411621094E-04,79,145840,
node5,1.780986785888672E-04,79,145840,
node5,2.3603439331054688E-04,79,145841,
node5,1.437664031982422E-04,80,145841,
node5,2.13623046875E-04,80,145841,
node5,2.536773681640625E-04,80,145841,
node5,2.3937225341796875E-04,80,145842,
node5,2.5272369384765625E-04,80,145843,
node5,2.014636993408203E-04,80,145843,
node5,1.7523765563964844E-04,80,145843,
node5,2.6679039001464844E-04,79,145844,
node5,2.9015541076660156E-04,80,145844,
node5,2.47955322265625E-04,80,145844,
node5,2.0051002502441406E-04,80,145844,
node5,1.6880035400390625E-04,80,145844,
node5,1.964569091796875E-04,80,145844,
node5,2.512931823730469E-04,79,145845,
node5,2.300739288330078E-04,79,145845,
node5,2.09808349609375E-04,80,145845,
node5,2.9206275939941406E-04,79,145845,
node5,2.7871131896972656E-04,80,145845,
node5,2.0170211791992188E-04,80,145845,
node5,1.850128173828125E-04,79,145845,
node5,2.2935867309570312E-04,80,145846,
node5,2.524852752685547E-04,80,145846,
node5,2.7680397033691406E-04,80,145846,
node5,1.8286705017089844E-04,80,145846,
node5,2.696514129638672E-04,80,145846,
node5,2.6988983154296875E-04,80,145847,
node5,1.9669532775878906E-04,79,145847,
node5,2.63214111328125E-04,80,145847,
node5,1.6450881958007812E-04,80,145847,
node5,2.5153160095214844E-04,79,145847,
node5,2.608299255371094E-04,80,145847,
node5,2.4390220642089844E-04,80,145848,
node5,2.6702880859375E-04,80,145848,
node5,2.5010108947753906E-04,80,145848,
node5,1.8262863159179688E-04,80,145848,
node5,2.655982971191406E-04,80,145848,
node5,2.2363662719726562E-04,79,145848,
node5,2.238750457763672E-04,80,145848,
node5,2.474784851074219E-04,80,145848,
node5,3.006458282470703E-04,80,145849,
node5,2.1958351135253906E-04,79,145849,
node5,3.2806396484375E-04,80,145849,
node5,2.8824806213378906E-04,79,145849,
node5,2.779960632324219E-04,79,145849,
node5,1.4162063598632812E-04,80,145849,
node5,2.3627281188964844E-04,80,145850,
node5,2.777576446533203E-04,79,145850,
node5,2.560615539550781E-04,80,145850,
node5,2.720355987548828E-04,80,145850,
node5,2.3031234741210938E-04,79,145850,
node5,2.636909484863281E-04,80,145851,
node5,2.4390220642089844E-04,79,145851,
node5,2.3436546325683594E-04,80,145851,
node5,2.956390380859375E-04,80,145852,
node5,2.3508071899414062E-04,80,145852,
node5,2.510547637939453E-04,80,145852,
node5,2.4628639221191406E-04,80,145852,
node5,2.8204917907714844E-04,80,145853,
node5,1.6736984252929688E-04,80,145853,
node5,1.86920166015625E-04,80,145853,
node5,1.552104949951172E-04,80,145853,
node5,2.086162567138672E-04,80,145853,
node5,2.307891845703125E-04,80,145854,
node5,2.5391578674316406E-04,80,145854,
node5,2.5153160095214844E-04,79,145854,
node5,2.288818359375E-04,79,145854,
node5,2.0194053649902344E-04,80,145854,
node5,2.3508071899414062E-04,80,145854,
node5,1.628398895263672E-04,79,145854,
node5,1.9168853759765625E-04,80,145855,
node5,1.8525123596191406E-04,79,145855,
node5,1.5592575073242188E-04,80,145855,
node5,1.7714500427246094E-04,80,145855,
node5,1.6427040100097656E-04,80,145855,
node5,1.7714500427246094E-04,80,145855,
node5,2.5010108947753906E-04,80,145855,
node5,2.1839141845703125E-04,80,145855,
node5,2.663135528564453E-04,80,145856,
node5,2.2721290588378906E-04,80,145856,
node5,1.6045570373535156E-04,80,145856,
node5,2.491474151611328E-04,80,145856,
node5,2.200603485107422E-04,80,145856,
node5,2.913475036621094E-04,80,145857,
node5,2.6106834411621094E-04,79,145857,
node5,1.8334388732910156E-04,80,145857,
node5,3.7169456481933594E-04,80,145858,
node5,2.7489662170410156E-04,79,145858,
node5,2.78472900390625E-04,80,145859,
node5,2.2149085998535156E-04,80,145859,
node5,2.944469451904297E-04,79,145859,
node5,2.7251243591308594E-04,80,145900,
node5,2.6702880859375E-04,80,145900,
node5,3.216266632080078E-04,80,145900,
node5,2.6297569274902344E-04,80,145900,
node5,2.1719932556152344E-04,80,145900,
node5,1.7571449279785156E-04,79,145900,
node5,2.2363662719726562E-04,80,145900,
node5,1.9359588623046875E-04,80,145900,
node5,2.6297569274902344E-04,80,145901,
node5,2.8514862060546875E-04,80,145901,
node5,2.40325927734375E-04,80,145901,
node5,2.956390380859375E-04,80,145902,
node5,1.914501190185547E-04,80,145902,
node5,2.300739288330078E-04,80,145902,
node5,2.2673606872558594E-04,80,145902,
node5,1.995563507080078E-04,79,145902,
node5,2.6226043701171875E-04,80,145902,
node5,1.8405914306640625E-04,80,145902,
node5,1.9669532775878906E-04,80,145903,
node5,2.429485321044922E-04,80,145903,
node5,2.0766258239746094E-04,80,145903,
node5,2.1219253540039062E-04,79,145903,
node5,1.3780593872070312E-04,80,145903,
node5,1.7762184143066406E-04,78,145903,
node5,1.971721649169922E-04,80,145903,
node5,8.814334869384766E-04,80,145903,
node5,2.6702880859375E-04,80,145904,
node5,2.2459030151367188E-04,80,145904,
node5,2.560615539550781E-04,80,145904,
node5,2.281665802001953E-04,79,145905,
node5,2.682209014892578E-04,80,145905,
node5,2.4628639221191406E-04,80,145905,
node5,2.741813659667969E-04,80,145905,
node5,2.086162567138672E-04,79,145905,
node5,1.6546249389648438E-04,80,145905,
node5,2.4819374084472656E-04,80,145906,
node5,2.193450927734375E-04,80,145906,
node5,2.770423889160156E-04,80,145906,
node5,2.1219253540039062E-04,80,145906,
node5,1.971721649169922E-04,80,145906,
node5,1.8596649169921875E-04,80,145906,
node5,2.155303955078125E-04,80,145906,
node5,1.533031463623047E-04,80,145906,
node5,1.7571449279785156E-04,80,145906,
node5,1.6689300537109375E-04,80,145907,
node5,2.868175506591797E-04,79,145907,
node5,2.40325927734375E-04,80,145908,
node5,1.494884490966797E-04,80,145908,
node5,2.2292137145996094E-04,80,145908,
node5,2.1505355834960938E-04,79,145908,
node5,2.124309539794922E-04,79,145908,
node5,2.4008750915527344E-04,80,145908,
node5,1.8310546875E-04,79,145908,
node5,1.4019012451171875E-04,80,145908,
node5,1.79290771484375E-04,80,145909,
node5,2.0122528076171875E-04,80,145909,
node5,1.64031982421875E-04,80,145909,
node5,2.0051002502441406E-04,80,145909,
node5,1.5854835510253906E-04,80,145909,
node5,1.361370086669922E-04,80,145909,
node5,1.7309188842773438E-04,80,145909,
node5,1.8906593322753906E-04,80,145909,
node5,1.6498565673828125E-04,80,145909,
node5,1.3256072998046875E-04,80,145909,
node5,2.0313262939453125E-04,80,145909,
node5,2.6607513427734375E-04,79,145910,
node5,2.6607513427734375E-04,79,145910,
node5,2.5534629821777344E-04,79,145911,
node5,2.579689025878906E-04,80,145911,
node5,2.0265579223632812E-04,80,145911,
node5,2.2530555725097656E-04,80,145911,
node5,2.5773048400878906E-04,80,145911,
node5,1.595020294189453E-04,80,145911,
node5,1.3256072998046875E-04,80,145911,
node5,2.532005310058594E-04,80,145912,
node5,1.7881393432617188E-04,80,145912,
node5,2.193450927734375E-04,80,145912,
node5,1.8167495727539062E-04,80,145912,
node5,2.5582313537597656E-04,80,145912,
node5,1.590251922607422E-04,80,145912,
node5,2.148151397705078E-04,80,145912,
node5,2.4366378784179688E-04,80,145913,
node5,5.269050598144531E-04,80,145913,
node5,2.3555755615234375E-04,80,145913,
node5,2.3174285888671875E-04,79,145913,
node5,1.914501190185547E-04,79,145914,
node5,2.655982971191406E-04,79,145914,
node5,2.2172927856445312E-04,79,145914,
node5,2.484321594238281E-04,80,145914,
node5,2.086162567138672E-04,80,145914,
node5,2.3508071899414062E-04,79,145914,
node5,1.499652862548828E-04,80,145914,
node5,2.0122528076171875E-04,80,145914,
node5,2.7680397033691406E-04,79,145915,
node5,1.9240379333496094E-04,80,145915,
node5,1.556873321533203E-04,80,145915,
node5,2.281665802001953E-04,80,145915,
node5,1.9979476928710938E-04,80,145915,
node5,2.2721290588378906E-04,78,145915,
node5,2.4628639221191406E-04,80,145916,
node5,1.8548965454101562E-04,80,145916,
node5,2.071857452392578E-04,80,145916,
node5,1.8906593322753906E-04,80,145916,
node5,2.224445343017578E-04,80,145916,
node5,1.7404556274414062E-04,80,145916,
node5,1.8262863159179688E-04,80,145916,
node5,1.33514404296875E-04,80,145916,
node5,2.779960632324219E-04,80,145917,
node5,2.148151397705078E-04,80,145917,
node5,2.315044403076172E-04,80,145917,
node5,2.4962425231933594E-04,80,145917,
node5,2.2983551025390625E-04,80,145917,
node5,2.6488304138183594E-04,80,145918,
node5,2.5916099548339844E-04,80,145918,
node5,2.4771690368652344E-04,80,145918,
node5,2.5963783264160156E-04,79,145919,
node5,2.6798248291015625E-04,79,145919,
node5,2.0265579223632812E-04,80,145919,
node5,2.033710479736328E-04,80,145919,
node5,2.2459030151367188E-04,80,145919,
node5,2.028942108154297E-04,80,145919,
node5,2.689361572265625E-04,79,145919,
node5,2.4366378784179688E-04,80,145920,
node5,5.917549133300781E-04,80,145920,
node5,2.2339820861816406E-04,78,145920,
node5,2.0265579223632812E-04,80,145920,
node5,2.3889541625976562E-04,80,145920,
node5,1.8215179443359375E-04,80,145920,
node5,2.148151397705078E-04,80,145920,
node5,2.3889541625976562E-04,80,145920,
node5,2.7632713317871094E-04,80,145921,
node5,2.1696090698242188E-04,79,145921,
node5,2.25067138671875E-04,79,145921,
node5,1.747608184814453E-04,80,145921,
node5,2.3818016052246094E-04,80,145922,
node5,2.1910667419433594E-04,79,145922,
node5,1.8453598022460938E-04,80,145922,
node5,2.4199485778808594E-04,80,145922,
node5,1.7690658569335938E-04,79,145922,
node5,2.720355987548828E-04,80,145923,
node5,1.475811004638672E-04,79,145923,
node5,1.8286705017089844E-04,80,145923,
node5,2.4819374084472656E-04,79,145923,
node5,2.1719932556152344E-04,80,145923,
node5,2.1409988403320312E-04,80,145923,
node5,2.3436546325683594E-04,80,145924,
node5,2.396106719970703E-04,80,145924,
node5,1.7333030700683594E-04,80,145924,
node5,2.384185791015625E-04,79,145924,
node5,1.6832351684570312E-04,80,145924,
node5,1.480579376220703E-04,80,145924,
node5,1.785755157470703E-04,80,145924,
node5,2.300739288330078E-04,78,145924,
node5,1.690387725830078E-04,80,145924,
node5,1.5974044799804688E-04,79,145924,
node5,2.8634071350097656E-04,80,145925,
node5,2.32696533203125E-04,80,145925,
node5,2.4366378784179688E-04,80,145926,
node5,1.9359588623046875E-04,80,145926,
node5,2.465248107910156E-04,80,145926,
node5,2.498626708984375E-04,80,145927,
node5,2.181529998779297E-04,79,145927,
node5,2.467632293701172E-04,79,145928,
node5,2.1696090698242188E-04,79,145928,
node5,2.090930938720703E-04,80,145928,
node5,2.429485321044922E-04,80,145928,
node5,2.2745132446289062E-04,79,145928,
node5,2.675056457519531E-04,80,145928,
node5,2.760887145996094E-04,80,145929,
node5,2.4509429931640625E-04,80,145929,
node5,2.1910667419433594E-04,80,145929,
node5,2.8514862060546875E-04,79,145930,
node5,2.689361572265625E-04,80,145930,
node5,2.1839141845703125E-04,80,145930,
node5,2.453327178955078E-04,80,145930,
node5,2.467632293701172E-04,79,145930,
node5,2.932548522949219E-04,79,145931,
node5,2.732276916503906E-04,80,145931,
node5,1.742839813232422E-04,80,145931,
node5,2.4390220642089844E-04,80,145932,
node5,2.0313262939453125E-04,79,145932,
node5,2.453327178955078E-04,79,145932,
node5,1.0561943054199219E-03,80,145932,
node5,2.2840499877929688E-04,79,145932,
node5,2.2554397583007812E-04,80,145932,
node5,1.7604827880859375E-03,79,145933,
node5,1.8310546875E-04,79,145933,
node5,2.193450927734375E-04,80,145933,
node5,2.0074844360351562E-04,79,145933,
node5,2.5153160095214844E-04,79,145933,
node5,2.052783966064453E-04,80,145933,
node5,1.6355514526367188E-04,80,145933,
node5,2.193450927734375E-04,80,145933,
node5,1.9478797912597656E-04,80,145934,
node5,1.8334388732910156E-04,80,145934,
node5,2.7108192443847656E-04,80,145934,
node5,2.0074844360351562E-04,80,145934,
node5,2.8586387634277344E-04,80,145935,
node5,2.6702880859375E-04,79,145936,
node5,2.6535987854003906E-04,80,145936,
node5,1.9359588623046875E-04,80,145936,
node5,2.2721290588378906E-04,80,145936,
node5,2.0170211791992188E-04,79,145936,
node5,7.047653198242188E-04,77,145937,
node5,2.391338348388672E-04,80,145937,
node5,6.053447723388672E-04,80,145937,
node5,3.1638145446777344E-04,79,145937,
node5,2.295970916748047E-04,80,145937,
node5,2.734661102294922E-04,80,145938,
