node4,0,5,145800
node4,1.7179155349731445E-01,80,145800,
node4,1.232624053955078E-04,80,145800,
node4,1.6832351684570312E-04,79,145800,
node4,1.6021728515625E-04,80,145801,
node4,1.8143653869628906E-04,80,145801,
node4,1.0228157043457031E-04,80,145801,
node4,1.697540283203125E-04,78,145801,
node4,1.0156631469726562E-04,80,145801,
node4,1.964569091796875E-04,80,145801,
node4,8.988380432128906E-05,79,145801,
node4,1.7833709716796875E-04,80,145802,
node4,9.560585021972656E-05,80,145802,
node4,1.7786026000976562E-04,80,145802,
node4,1.5974044799804688E-04,79,145802,
node4,1.2230873107910156E-04,80,145802,
node4,1.308917999267578E-04,80,145802,
node4,1.2683868408203125E-04,80,145802,
node4,1.220703125E-04,80,145802,
node4,1.1444091796875E-04,80,145802,
node4,1.671314239501953E-04,80,145803,
node4,1.0466575622558594E-04,80,145803,
node4,8.821487426757812E-05,80,145803,
node4,1.595020294189453E-04,80,145803,
node4,1.6069412231445312E-04,80,145803,
node4,1.6379356384277344E-04,80,145803,
node4,1.506805419921875E-04,80,145803,
node4,1.881122589111328E-04,79,145804,
node4,1.862049102783203E-04,80,145804,
node4,3.120899200439453E-04,78,145805,
node4,1.6069412231445312E-04,80,145805,
node4,1.5807151794433594E-04,80,145805,
node4,1.475811004638672E-04,80,145805,
node4,1.1658668518066406E-04,80,145805,
node4,1.6498565673828125E-04,80,145806,
node4,1.404285430908203E-04,80,145806,
node4,1.609325408935547E-04,79,145806,
node4,1.5306472778320312E-04,80,145806,
node4,1.6260147094726562E-04,80,145806,
node4,1.6951560974121094E-04,80,145807,
node4,1.1515617370605469E-04,80,145807,
node4,1.5306472778320312E-04,80,145807,
node4,1.6736984252929688E-04,80,145807,
node4,1.3399124145507812E-04,80,145808,
node4,1.48773193359375E-04,80,145808,
node4,1.2922286987304688E-04,80,145808,
node4,1.0085105895996094E-04,80,145808,
node4,1.9478797912597656E-04,79,145808,
node4,1.3184547424316406E-04,80,145808,
node4,1.3947486877441406E-04,79,145808,
node4,1.1539459228515625E-04,79,145808,
node4,1.7595291137695312E-04,80,145809,
node4,1.442432403564453E-04,80,145809,
node4,1.6307830810546875E-04,80,145809,
node4,1.3637542724609375E-04,80,145809,
node4,1.3399124145507812E-04,80,145809,
node4,1.1372566223144531E-04,79,145809,
node4,1.628398895263672E-04,79,145810,
node4,7.987022399902344E-05,79,145810,
node4,6.723403930664062E-05,80,145810,
node4,1.1587142944335938E-04,80,145810,
node4,1.0776519775390625E-04,80,145810,
node4,1.33514404296875E-04,80,145810,
node4,1.5354156494140625E-04,80,145811,
node4,1.590251922607422E-04,80,145811,
node4,9.441375732421875E-05,80,145811,
node4,1.3446807861328125E-04,78,145811,
node4,7.367134094238281E-05,80,145811,
node4,1.728534698486328E-04,79,145812,
node4,1.4352798461914062E-04,80,145812,
node4,7.081031799316406E-05,80,145812,
node4,8.225440979003906E-05,80,145812,
node4,9.989738464355469E-05,80,145812,
node4,1.251697540283203E-04,80,145812,
node4,1.3899803161621094E-04,80,145812,
node4,1.2183189392089844E-04,80,145812,
node4,1.6570091247558594E-04,80,145813,
node4,1.590251922607422E-04,80,145813,
node4,1.800060272216797E-04,80,145814,
node4,1.785755157470703E-04,80,145814,
node4,9.989738464355469E-05,80,145814,
node4,1.544952392578125E-04,80,145814,
node4,1.3399124145507812E-04,80,145814,
node4,1.366138458251953E-04,80,145814,
node4,1.5926361083984375E-04,80,145815,
node4,1.2731552124023438E-04,80,145815,
node4,9.870529174804688E-05,80,145815,
node4,9.202957153320312E-05,80,145815,
node4,1.277923583984375E-04,80,145815,
node4,1.506805419921875E-04,80,145815,
node4,7.867813110351562E-05,80,145815,
node4,1.0013580322265625E-04,80,145815,
node4,9.250640869140625E-05,80,145815,
node4,8.606910705566406E-05,80,145815,
node4,7.081031799316406E-05,80,145815,
node4,1.163482666015625E-04,80,145816,
node4,1.399517059326172E-04,80,145816,
node4,1.7070770263671875E-04,79,145816,
node4,1.0800361633300781E-04,80,145816,
node4,7.414817810058594E-05,80,145816,
node4,1.671314239501953E-04,80,145817,
node4,2.090930938720703E-04,80,145817,
node4,1.266002655029297E-04,80,145817,
node4,1.56402587890625E-04,80,145817,
node4,1.1014938354492188E-04,79,145817,
node4,1.354217529296875E-04,80,145817,
node4,2.0956993103027344E-04,80,145818,
node4,1.5473365783691406E-04,79,145818,
node4,1.0323524475097656E-04,80,145818,
node4,1.621246337890625E-04,80,145819,
node4,1.327991485595703E-04,79,145819,
node4,1.723766326904297E-04,79,145819,
node4,9.822845458984375E-05,80,145819,
node4,7.700920104980469E-05,79,145819,
node4,1.0657310485839844E-04,79,145819,
node4,7.772445678710938E-05,80,145819,
node4,1.5592575073242188E-04,80,145819,
node4,1.52587890625E-04,80,145819,
node4,1.513957977294922E-04,80,145819,
node4,1.385211944580078E-04,80,145819,
node4,8.630752563476562E-05,80,145819,
node4,7.677078247070312E-05,80,145819,
node4,1.5807151794433594E-04,80,145820,
node4,7.271766662597656E-05,80,145820,
node4,1.8787384033203125E-04,79,145820,
node4,1.3208389282226562E-04,80,145820,
node4,1.544952392578125E-04,80,145820,
node4,1.3756752014160156E-04,79,145820,
node4,1.7333030700683594E-04,80,145820,
node4,1.9598007202148438E-04,78,145821,
node4,2.1314620971679688E-04,78,145821,
node4,1.766681671142578E-04,80,145821,
node4,1.8858909606933594E-04,80,145821,
node4,9.691715240478516E-04,80,145822,
node4,1.0919570922851562E-04,80,145822,
node4,1.010894775390625E-04,80,145822,
node4,1.7023086547851562E-04,79,145822,
node4,1.79290771484375E-04,80,145822,
node4,1.3637542724609375E-04,80,145822,
node4,1.4138221740722656E-04,80,145822,
node4,1.5974044799804688E-04,79,145822,
node4,1.7571449279785156E-04,80,145822,
node4,1.900196075439453E-04,79,145823,
node4,1.1086463928222656E-04,80,145823,
node4,1.804828643798828E-04,80,145823,
node4,1.4829635620117188E-04,80,145823,
node4,1.277923583984375E-04,80,145823,
node4,1.1801719665527344E-04,80,145824,
node4,1.685619354248047E-04,80,145824,
node4,1.9502639770507812E-04,80,145824,
node4,1.647472381591797E-04,80,145824,
node4,1.285076141357422E-04,80,145824,
node4,1.3685226440429688E-04,79,145824,
node4,1.0228157043457031E-04,80,145824,
node4,1.56402587890625E-04,80,145825,
node4,1.747608184814453E-04,80,145825,
node4,1.71661376953125E-04,80,145826,
node4,1.735687255859375E-04,80,145826,
node4,1.499652862548828E-04,80,145826,
node4,1.4638900756835938E-04,79,145826,
node4,1.0347366333007812E-04,80,145826,
node4,1.0848045349121094E-04,80,145826,
node4,1.6808509826660156E-04,80,145827,
node4,1.4138221740722656E-04,80,145827,
node4,1.2803077697753906E-04,80,145827,
node4,1.2683868408203125E-04,80,145827,
node4,1.4138221740722656E-04,80,145827,
node4,1.1229515075683594E-04,80,145827,
node4,1.1229515075683594E-04,80,145827,
node4,1.735687255859375E-04,80,145828,
node4,1.1372566223144531E-04,80,145828,
node4,1.983642578125E-04,80,145829,
node4,1.48773193359375E-04,80,145829,
node4,1.9288063049316406E-04,80,145829,
node4,1.6999244689941406E-04,80,145829,
node4,1.3566017150878906E-04,79,145829,
node4,1.4090538024902344E-04,80,145829,
node4,1.5878677368164062E-04,80,145830,
node4,8.7738037109375E-05,80,145830,
node4,1.2612342834472656E-04,79,145830,
node4,1.919269561767578E-04,80,145830,
node4,2.4700164794921875E-04,80,145830,
node4,1.697540283203125E-04,80,145830,
node4,1.838207244873047E-04,79,145830,
node4,9.107589721679688E-05,80,145830,
node4,1.976490020751953E-04,80,145831,
node4,1.7118453979492188E-04,80,145831,
node4,8.0108642578125E-05,80,145831,
node4,6.866455078125E-05,80,145831,
node4,1.3113021850585938E-04,80,145831,
node4,1.862049102783203E-04,80,145831,
node4,1.4662742614746094E-04,80,145831,
node4,2.014636993408203E-04,80,145832,
node4,1.7642974853515625E-04,80,145832,
node4,1.7905235290527344E-04,80,145832,
node4,6.61015510559082E-03,80,145833,
node4,4.336833953857422E-04,78,145833,
node4,2.0885467529296875E-04,80,145833,
node4,1.735687255859375E-04,80,145833,
node4,1.995563507080078E-04,80,145833,
node4,1.3446807861328125E-04,80,145833,
node4,1.0418891906738281E-04,80,145833,
node4,1.1587142944335938E-04,80,145833,
node4,1.7833709716796875E-04,80,145834,
node4,1.6498565673828125E-04,80,145834,
node4,1.742839813232422E-04,79,145834,
node4,1.7142295837402344E-04,80,145834,
node4,1.8906593322753906E-04,80,145835,
node4,1.685619354248047E-04,80,145835,
node4,1.6808509826660156E-04,80,145835,
node4,1.316070556640625E-04,80,145835,
node4,2.2172927856445312E-04,78,145836,
node4,1.6164779663085938E-04,80,145836,
node4,1.6164779663085938E-04,80,145836,
node4,1.552104949951172E-04,80,145836,
node4,1.316070556640625E-04,80,145837,
node4,1.6117095947265625E-04,80,145837,
node4,2.276897430419922E-04,80,145837,
node4,3.0612945556640625E-04,80,145837,
node4,1.8405914306640625E-04,80,145838,
node4,1.7952919006347656E-04,79,145838,
node4,1.7905235290527344E-04,79,145839,
node4,1.8525123596191406E-04,80,145839,
node4,1.8334388732910156E-04,80,145840,
node4,1.232624053955078E-04,80,145840,
node4,1.5401840209960938E-04,79,145841,
node4,1.8358230590820312E-04,80,145841,
node4,1.0514259338378906E-04,80,145841,
node4,1.3756752014160156E-04,80,145841,
node4,1.8072128295898438E-04,79,145841,
node4,1.385211944580078E-04,80,145841,
node4,1.1944770812988281E-04,79,145841,
node4,1.3113021850585938E-04,80,145841,
node4,1.3611316680908203E-03,80,145843,
node4,1.811981201171875E-04,79,145843,
node4,2.0456314086914062E-04,80,145843,
node4,1.7952919006347656E-04,80,145844,
node4,1.4925003051757812E-04,80,145844,
node4,1.9741058349609375E-04,79,145844,
node4,1.2040138244628906E-04,80,145844,
node4,1.4472007751464844E-04,80,145844,
node4,1.513957977294922E-04,80,145845,
node4,1.461505889892578E-04,80,145845,
node4,1.6236305236816406E-04,80,145845,
node4,1.2755393981933594E-04,80,145845,
node4,5.834817886352539E-03,80,145846,
node4,1.6427040100097656E-04,79,145846,
node4,1.8525123596191406E-04,80,145847,
node4,1.773834228515625E-04,80,145847,
node4,6.926059722900391E-04,80,145847,
node4,1.1515617370605469E-04,80,145847,
node4,1.1515617370605469E-04,78,145847,
node4,6.365776062011719E-05,80,145847,
node4,1.678466796875E-04,79,145848,
node4,1.533031463623047E-04,80,145848,
node4,1.5854835510253906E-04,80,145848,
node4,7.271766662597656E-05,80,145848,
node4,1.614093780517578E-04,80,145848,
node4,1.2302398681640625E-04,80,145848,
node4,1.983642578125E-04,80,145849,
node4,1.938343048095703E-04,80,145849,
node4,1.480579376220703E-04,79,145849,
node4,1.5997886657714844E-04,80,145850,
node4,2.55584716796875E-04,78,145850,
node4,1.5473365783691406E-04,80,145850,
node4,1.685619354248047E-04,80,145850,
node4,1.595020294189453E-04,80,145851,
node4,1.6689300537109375E-04,80,145851,
node4,1.5592575073242188E-04,80,145851,
node4,1.5354156494140625E-04,80,145851,
node4,1.6736984252929688E-04,80,145852,
node4,1.6999244689941406E-04,80,145852,
node4,1.4066696166992188E-04,79,145852,
node4,1.8596649169921875E-04,80,145853,
node4,1.3709068298339844E-04,80,145853,
node4,1.0514259338378906E-04,80,145853,
node4,1.5878677368164062E-04,80,145853,
node4,1.7142295837402344E-04,80,145854,
node4,1.4829635620117188E-04,79,145854,
node4,1.647472381591797E-04,80,145854,
node4,1.7547607421875E-04,80,145855,
node4,2.1123886108398438E-04,80,145855,
node4,1.952648162841797E-04,79,145855,
node4,1.2373924255371094E-04,80,145855,
node4,1.7786026000976562E-04,80,145856,
node4,1.544952392578125E-04,79,145856,
node4,1.1706352233886719E-04,80,145856,
node4,1.5306472778320312E-04,79,145857,
node4,1.2135505676269531E-04,80,145857,
node4,1.71661376953125E-04,80,145857,
node4,1.590251922607422E-04,80,145858,
node4,1.5878677368164062E-04,80,145858,
node4,1.685619354248047E-04,79,145858,
node4,1.838207244873047E-04,80,145858,
node4,1.697540283203125E-04,80,145859,
node4,1.666545867919922E-04,80,145859,
node4,1.327991485595703E-04,80,145859,
node4,1.4472007751464844E-04,80,145859,
node4,1.7261505126953125E-04,79,145859,
node4,2.310037612915039E-03,80,145900,
node4,1.5091896057128906E-04,80,145900,
node4,1.628398895263672E-04,80,145900,
node4,1.5091896057128906E-04,80,145901,
node4,8.058547973632812E-05,80,145901,
node4,1.6450881958007812E-04,80,145901,
node4,1.5354156494140625E-04,80,145901,
node4,1.506805419921875E-04,79,145901,
node4,1.513957977294922E-04,80,145901,
node4,1.690387725830078E-04,80,145902,
node4,1.7070770263671875E-04,80,145902,
node4,1.7881393432617188E-04,79,145902,
node4,1.964569091796875E-04,80,145902,
node4,1.9240379333496094E-04,80,145903,
node4,1.0061264038085938E-04,80,145903,
node4,1.1444091796875E-04,80,145903,
node4,1.02996826171875E-04,79,145903,
node4,7.009506225585938E-05,80,145903,
node4,1.4925003051757812E-04,80,145903,
node4,1.590251922607422E-04,80,145903,
node4,1.4925003051757812E-04,80,145903,
node4,7.688999176025391E-04,77,145903,
node4,1.3709068298339844E-04,80,145903,
node4,1.9073486328125E-04,80,145904,
node4,1.766681671142578E-04,80,145905,
node4,1.728534698486328E-04,79,145905,
node4,1.4901161193847656E-04,79,145905,
node4,1.0752677917480469E-04,80,145905,
node4,1.571178436279297E-04,80,145905,
node4,1.5163421630859375E-04,80,145905,
node4,1.933574676513672E-04,79,145905,
node4,1.1682510375976562E-04,80,145905,
node4,1.7213821411132812E-04,80,145906,
node4,1.437664031982422E-04,80,145906,
node4,1.8215179443359375E-04,80,145906,
node4,1.1491775512695312E-04,80,145906,
node4,1.2111663818359375E-04,80,145906,
node4,1.7595291137695312E-04,80,145906,
node4,1.6880035400390625E-04,80,145907,
node4,1.125335693359375E-04,80,145907,
node4,7.367134094238281E-05,80,145907,
node4,1.56402587890625E-04,80,145907,
node4,1.2135505676269531E-04,79,145907,
node4,1.6164779663085938E-04,80,145907,
node4,1.5735626220703125E-04,80,145908,
node4,2.2673606872558594E-04,78,145908,
node4,1.3425350189208984E-03,77,145908,
node4,1.4352798461914062E-04,79,145908,
node4,1.64031982421875E-04,80,145908,
node4,1.323223114013672E-04,80,145908,
node4,1.5974044799804688E-04,79,145909,
node4,1.4638900756835938E-04,80,145909,
node4,1.1205673217773438E-04,79,145909,
node4,1.285076141357422E-04,79,145909,
node4,8.58306884765625E-05,80,145909,
node4,1.461505889892578E-04,80,145909,
node4,1.3685226440429688E-04,80,145910,
node4,1.4162063598632812E-04,80,145910,
node4,1.3566017150878906E-04,79,145910,
node4,1.5878677368164062E-04,80,145910,
node4,9.655952453613281E-05,80,145910,
node4,8.96453857421875E-05,79,145910,
node4,1.0728836059570312E-04,80,145910,
node4,8.20159912109375E-05,80,145910,
node4,8.726119995117188E-05,80,145910,
node4,1.3947486877441406E-04,80,145910,
node4,1.25885009765625E-04,80,145910,
node4,1.5997886657714844E-04,79,145911,
node4,1.7595291137695312E-04,79,145911,
node4,1.4972686767578125E-04,80,145911,
node4,1.6379356384277344E-04,79,145911,
node4,1.666545867919922E-04,80,145912,
node4,1.7380714416503906E-04,80,145912,
node4,1.3899803161621094E-04,79,145912,
node4,8.96453857421875E-05,79,145912,
node4,1.709461212158203E-04,80,145912,
node4,3.1785964965820312E-03,80,145913,
node4,1.2135505676269531E-04,80,145913,
node4,1.7452239990234375E-04,80,145913,
node4,1.0776519775390625E-04,80,145913,
node4,1.7452239990234375E-04,80,145913,
node4,1.1157989501953125E-04,80,145913,
node4,6.914138793945312E-05,80,145913,
node4,1.2087821960449219E-04,80,145913,
node4,2.55584716796875E-04,78,145914,
node4,1.4281272888183594E-04,80,145914,
node4,1.647472381591797E-04,80,145914,
node4,1.7952919006347656E-04,80,145914,
node4,1.4448165893554688E-04,80,145915,
node4,1.6307830810546875E-04,79,145915,
node4,1.4543533325195312E-04,80,145915,
node4,1.71661376953125E-04,80,145915,
node4,1.5783309936523438E-04,80,145916,
node4,1.5807151794433594E-04,80,145916,
node4,1.3399124145507812E-04,80,145916,
node4,1.614093780517578E-04,80,145916,
node4,1.10626220703125E-04,80,145916,
node4,1.761913299560547E-04,80,145917,
node4,1.800060272216797E-04,80,145917,
node4,1.697540283203125E-04,80,145917,
node4,1.862049102783203E-04,80,145918,
node4,1.704692840576172E-04,80,145918,
node4,1.773834228515625E-04,80,145918,
node4,1.8930435180664062E-04,80,145918,
node4,1.6021728515625E-04,80,145919,
node4,1.5664100646972656E-04,80,145919,
node4,1.4710426330566406E-04,80,145919,
node4,1.4090538024902344E-04,80,145919,
node4,1.9812583923339844E-04,79,145919,
node4,1.850128173828125E-04,80,145920,
node4,3.457069396972656E-04,79,145920,
node4,1.513957977294922E-04,79,145920,
node4,1.0967254638671875E-04,80,145920,
node4,1.6760826110839844E-04,79,145920,
node4,1.52587890625E-04,80,145921,
node4,1.3780593872070312E-04,80,145921,
node4,1.6570091247558594E-04,80,145921,
node4,8.96453857421875E-05,79,145921,
node4,1.575946807861328E-04,80,145921,
node4,1.5616416931152344E-04,78,145921,
node4,7.104873657226562E-05,80,145921,
node4,1.3756752014160156E-04,80,145921,
node4,9.179115295410156E-05,80,145922,
node4,1.1515617370605469E-04,80,145922,
node4,1.4519691467285156E-04,79,145922,
node4,8.392333984375E-05,80,145922,
node4,7.700920104980469E-05,80,145922,
node4,1.4472007751464844E-04,80,145922,
node4,2.434253692626953E-04,79,145922,
node4,7.2479248046875E-05,79,145922,
node4,1.6927719116210938E-04,79,145922,
node4,1.4543533325195312E-04,80,145923,
node4,1.423358917236328E-04,80,145923,
node4,1.3113021850585938E-04,79,145923,
node4,1.9502639770507812E-04,78,145923,
node4,9.489059448242188E-05,79,145923,
node4,1.666545867919922E-04,80,145923,
node4,1.4853477478027344E-04,79,145923,
node4,2.3651123046875E-04,79,145923,
node4,7.915496826171875E-05,80,145923,
node4,1.621246337890625E-04,79,145924,
node4,1.647472381591797E-04,80,145924,
node4,1.3017654418945312E-04,80,145924,
node4,1.2445449829101562E-04,80,145924,
node4,1.0824203491210938E-04,80,145924,
node4,7.677078247070312E-05,80,145924,
node4,5.841255187988281E-05,80,145924,
node4,6.723403930664062E-05,80,145924,
node4,9.5367431640625E-05,80,145924,
node4,1.4495849609375E-04,80,145925,
node4,1.1181831359863281E-04,80,145925,
node4,1.3780593872070312E-04,80,145925,
node4,1.0228157043457031E-04,80,145925,
node4,7.796287536621094E-05,80,145925,
node4,1.304149627685547E-04,80,145925,
node4,1.0919570922851562E-04,80,145925,
node4,1.5282630920410156E-04,79,145926,
node4,1.3685226440429688E-04,80,145926,
node4,1.2040138244628906E-04,80,145926,
node4,2.028942108154297E-04,80,145927,
node4,1.6021728515625E-04,80,145927,
node4,1.6260147094726562E-04,79,145927,
node4,1.48773193359375E-04,80,145927,
node4,1.1682510375976562E-04,80,145927,
node4,1.685619354248047E-04,79,145928,
node4,1.7213821411132812E-04,79,145928,
node4,1.6641616821289062E-04,80,145928,
node4,1.7762184143066406E-04,80,145929,
node4,1.7762184143066406E-04,80,145929,
node4,1.6808509826660156E-04,79,145929,
node4,1.7976760864257812E-04,80,145930,
node4,1.704692840576172E-04,80,145930,
node4,1.983642578125E-04,80,145930,
node4,1.437664031982422E-04,80,145930,
node4,1.6117095947265625E-04,80,145930,
node4,1.2350082397460938E-04,80,145930,
node4,1.2135505676269531E-04,80,145930,
node4,1.723766326904297E-04,80,145931,
node4,2.758502960205078E-04,80,145931,
node4,1.8668174743652344E-04,80,145932,
node4,1.6689300537109375E-04,80,145932,
node4,1.049041748046875E-04,80,145932,
node4,1.1157989501953125E-04,79,145932,
node4,1.2612342834472656E-04,80,145932,
node4,1.327991485595703E-04,80,145932,
node4,1.6689300537109375E-04,80,145932,
node4,1.304149627685547E-04,79,145933,
node4,1.6260147094726562E-04,80,145933,
node4,1.659393310546875E-04,80,145933,
node4,2.052783966064453E-04,78,145933,
node4,1.4400482177734375E-04,80,145933,
node4,1.0251998901367188E-04,80,145934,
node4,8.678436279296875E-05,80,145934,
node4,1.800060272216797E-04,80,145934,
node4,8.058547973632812E-05,80,145934,
node4,9.393692016601562E-05,80,145934,
node4,6.103515625E-05,80,145934,
node4,1.9669532775878906E-04,79,145935,
node4,1.785755157470703E-04,79,145935,
node4,7.605552673339844E-05,80,145935,
node4,2.4127960205078125E-04,78,145935,
node4,1.3113021850585938E-04,79,145935,
node4,1.7309188842773438E-04,80,145936,
node4,1.6880035400390625E-04,80,145936,
node4,8.130073547363281E-05,79,145936,
node4,7.915496826171875E-05,80,145936,
node4,2.1028518676757812E-04,80,145936,
node4,1.7762184143066406E-04,79,145936,
node4,2.1004676818847656E-04,80,145937,
node4,2.987384796142578E-04,79,145937,
node4,1.3113021850585938E-04,80,145937,
node4,1.888275146484375E-04,79,145938,
node4,1.7452239990234375E-04,80,145938,
