node3,0,5,220457
node3,1.7903351783752441E-01,80,220457,
node3,3.96728515625E-04,80,220457,
node3,3.807544708251953E-04,80,220458,
node3,3.8504600524902344E-04,80,220458,
node3,3.3736228942871094E-04,80,220458,
node3,4.494190216064453E-04,80,220459,
node3,3.647804260253906E-04,80,220459,
node3,4.4846534729003906E-04,80,220459,
node3,3.96728515625E-04,80,220459,
node3,4.513263702392578E-04,79,220501,
node3,4.699230194091797E-04,79,220501,
node3,4.215240478515625E-04,80,220502,
node3,3.135204315185547E-04,79,220502,
node3,3.788471221923828E-04,80,220503,
node3,3.9267539978027344E-04,79,220504,
node3,4.0030479431152344E-04,79,220504,
node3,4.5990943908691406E-04,80,220505,
node3,3.879070281982422E-04,79,220505,
node3,4.763603210449219E-04,79,220505,
node3,4.3892860412597656E-04,80,220505,
node3,3.421306610107422E-04,80,220505,
node3,3.428459167480469E-04,80,220505,
node3,4.4536590576171875E-04,79,220506,
node3,3.6597251892089844E-04,79,220506,
node3,3.96728515625E-04,80,220507,
node3,4.31060791015625E-04,78,220507,
node3,3.845691680908203E-04,79,220507,
node3,3.902912139892578E-04,79,220507,
node3,4.611015319824219E-04,80,220507,
node3,3.9839744567871094E-04,79,220508,
node3,4.215240478515625E-04,80,220508,
node3,3.8433074951171875E-04,80,220509,
node3,4.515647888183594E-04,80,220509,
node3,4.546642303466797E-04,80,220509,
node3,3.8313865661621094E-04,79,220509,
node3,3.6716461181640625E-04,80,220509,
node3,3.998279571533203E-04,80,220510,
node3,3.743171691894531E-04,80,220510,
node3,3.445148468017578E-04,80,220510,
node3,3.35693359375E-04,80,220510,
node3,3.960132598876953E-04,79,220511,
node3,4.134178161621094E-04,80,220511,
node3,4.067420959472656E-04,79,220511,
node3,4.1484832763671875E-04,80,220512,
node3,4.487037658691406E-04,80,220512,
node3,3.7407875061035156E-04,79,220512,
node3,3.066062927246094E-04,80,220512,
node3,3.457069396972656E-04,80,220512,
node3,5.125999450683594E-04,80,220513,
node3,4.2724609375E-04,80,220514,
node3,4.050731658935547E-04,80,220515,
node3,4.241466522216797E-04,80,220515,
node3,3.8123130798339844E-04,80,220515,
node3,3.8504600524902344E-04,79,220515,
node3,3.8433074951171875E-04,80,220516,
node3,3.31878662109375E-04,80,220516,
node3,4.391670227050781E-04,80,220516,
node3,4.143714904785156E-04,79,220517,
node3,4.3582916259765625E-04,80,220518,
node3,4.7326087951660156E-04,78,220519,
node3,4.3964385986328125E-04,78,220519,
node3,3.8933753967285156E-04,80,220521,
node3,3.879070281982422E-04,80,220521,
node3,3.933906555175781E-04,80,220522,
node3,3.6787986755371094E-04,80,220523,
node3,3.9005279541015625E-04,80,220523,
node3,4.0912628173828125E-04,80,220524,
node3,4.208087921142578E-04,79,220524,
node3,3.838539123535156E-04,80,220525,
node3,4.0912628173828125E-04,80,220525,
node3,4.382133483886719E-04,79,220526,
node3,3.275871276855469E-04,80,220526,
node3,3.604888916015625E-04,80,220526,
node3,3.533363342285156E-04,80,220526,
node3,3.490447998046875E-04,80,220527,
node3,1.2068748474121094E-03,80,220528,
node3,4.019737243652344E-04,80,220528,
node3,4.2366981506347656E-04,80,220528,
node3,4.0984153747558594E-04,80,220529,
node3,3.7670135498046875E-04,80,220529,
node3,4.1365623474121094E-04,79,220530,
node3,3.933906555175781E-04,80,220532,
node3,4.208087921142578E-04,80,220532,
node3,3.123283386230469E-04,80,220532,
node3,4.017353057861328E-04,79,220533,
node3,3.879070281982422E-04,80,220533,
node3,3.5834312438964844E-04,79,220533,
node3,2.1889209747314453E-03,80,220535,
node3,4.191398620605469E-04,80,220535,
node3,3.669261932373047E-04,80,220535,
node3,3.941059112548828E-04,79,220536,
node3,4.3272972106933594E-04,80,220537,
node3,4.2557716369628906E-04,80,220537,
node3,4.048347473144531E-04,80,220538,
node3,3.9005279541015625E-04,80,220539,
node3,4.487037658691406E-04,79,220540,
node3,4.4035911560058594E-04,78,220541,
node3,3.829002380371094E-04,80,220541,
node3,4.978179931640625E-04,80,220542,
node3,3.9196014404296875E-04,80,220544,
node3,4.3654441833496094E-04,80,220544,
node3,3.7026405334472656E-04,80,220544,
node3,3.838539123535156E-04,80,220544,
node3,4.38690185546875E-04,80,220545,
node3,3.859996795654297E-04,78,220545,
node3,3.323554992675781E-04,79,220545,
node3,4.1222572326660156E-04,79,220546,
node3,4.3773651123046875E-04,79,220547,
node3,4.734992980957031E-04,80,220547,
node3,3.800392150878906E-04,80,220548,
node3,5.409717559814453E-04,79,220548,
node3,3.8814544677734375E-04,79,220548,
node3,3.9768218994140625E-04,80,220548,
node3,4.286766052246094E-04,80,220549,
node3,3.9076805114746094E-04,80,220549,
node3,3.724098205566406E-04,80,220549,
node3,4.0602684020996094E-04,78,220549,
node3,3.8504600524902344E-04,80,220550,
node3,4.2128562927246094E-04,80,220550,
node3,4.7278404235839844E-04,79,220553,
node3,1.1928081512451172E-03,80,220553,
node3,3.8552284240722656E-04,80,220553,
node3,4.67681884765625E-03,80,220553,
node3,4.1294097900390625E-04,79,220553,
node3,4.0411949157714844E-04,80,220554,
node3,4.38690185546875E-04,79,220554,
node3,3.464221954345703E-04,80,220554,
node3,3.783702850341797E-04,80,220554,
node3,4.425048828125E-04,78,220555,
node3,3.6334991455078125E-04,80,220555,
node3,3.108978271484375E-04,80,220555,
node3,4.5943260192871094E-04,79,220555,
node3,3.905296325683594E-04,80,220556,
node3,4.169940948486328E-04,80,220556,
node3,3.5953521728515625E-04,80,220558,
node3,3.228187561035156E-04,80,220558,
node3,4.379749298095703E-04,80,220559,
node3,3.895759582519531E-04,80,220600,
node3,4.489421844482422E-04,80,220601,
node3,3.559589385986328E-04,80,220601,
node3,4.425048828125E-04,79,220601,
node3,3.962516784667969E-04,80,220602,
node3,4.2057037353515625E-04,78,220602,
node3,4.208087921142578E-04,79,220603,
node3,3.814697265625E-04,80,220603,
node3,4.1294097900390625E-04,80,220603,
node3,3.495216369628906E-04,79,220603,
node3,2.963542938232422E-04,80,220603,
node3,3.0541419982910156E-04,79,220604,
node3,4.3654441833496094E-04,79,220604,
node3,3.745555877685547E-04,80,220605,
node3,3.864765167236328E-04,80,220606,
node3,3.960132598876953E-04,80,220606,
node3,3.516674041748047E-04,80,220607,
node3,4.0411949157714844E-04,80,220607,
node3,4.115104675292969E-04,80,220608,
node3,3.752708435058594E-04,80,220608,
node3,3.8743019104003906E-04,80,220609,
node3,4.315376281738281E-04,80,220609,
node3,3.390312194824219E-04,80,220609,
node3,3.578662872314453E-04,80,220609,
node3,3.173351287841797E-04,80,220609,
node3,3.9768218994140625E-04,78,220609,
node3,4.017353057861328E-04,79,220610,
node3,3.814697265625E-04,80,220611,
node3,4.353523254394531E-04,80,220612,
node3,4.1484832763671875E-04,80,220612,
node3,5.347728729248047E-04,80,220612,
node3,3.2591819763183594E-04,79,220612,
node3,3.7980079650878906E-04,80,220614,
node3,4.146099090576172E-04,80,220614,
node3,4.92095947265625E-04,77,220614,
node3,3.3783912658691406E-04,80,220614,
node3,3.7407875061035156E-04,80,220615,
node3,4.839897155761719E-04,80,220615,
node3,2.923011779785156E-04,80,220615,
node3,2.9349327087402344E-04,80,220615,
node3,3.809928894042969E-04,79,220617,
node3,3.9505958557128906E-04,79,220617,
node3,3.3974647521972656E-04,80,220618,
node3,3.604888916015625E-04,80,220618,
node3,4.138946533203125E-04,80,220619,
node3,3.960132598876953E-04,80,220619,
node3,4.2891502380371094E-04,80,220620,
node3,3.809928894042969E-04,80,220623,
node3,3.948211669921875E-04,80,220623,
node3,4.589557647705078E-04,80,220624,
node3,3.1256675720214844E-04,80,220624,
node3,4.699230194091797E-04,78,220625,
node3,3.0922889709472656E-04,80,220625,
node3,3.952980041503906E-04,80,220626,
node3,4.253387451171875E-04,79,220626,
node3,4.0531158447265625E-04,80,220626,
node3,3.8433074951171875E-04,80,220626,
node3,7.586479187011719E-04,80,220627,
node3,4.3582916259765625E-04,80,220628,
node3,3.4689903259277344E-04,80,220628,
node3,4.0912628173828125E-04,80,220629,
node3,3.9267539978027344E-04,80,220630,
node3,3.924369812011719E-04,80,220631,
node3,4.127025604248047E-04,80,220632,
node3,4.119873046875E-04,79,220633,
node3,3.9505958557128906E-04,80,220633,
node3,3.116130828857422E-04,79,220633,
node3,3.8623809814453125E-04,80,220634,
node3,4.4608116149902344E-04,80,220635,
node3,3.7980079650878906E-04,80,220636,
node3,3.674030303955078E-04,80,220636,
node3,3.859996795654297E-04,80,220636,
node3,3.418922424316406E-04,80,220636,
node3,3.96728515625E-04,80,220636,
