node7,0,5,145802
node7,2.70843505859375E-04,78,145803,
node7,2.551078796386719E-04,79,145803,
node7,2.4962425231933594E-04,80,145803,
node7,2.422332763671875E-04,80,145804,
node7,2.396106719970703E-04,79,145805,
node7,1.7499923706054688E-04,79,145805,
node7,1.480579376220703E-04,80,145805,
node7,1.697540283203125E-04,80,145805,
node7,2.4056434631347656E-04,79,145805,
node7,2.205371856689453E-04,80,145805,
node7,2.6726722717285156E-04,79,145806,
node7,3.223419189453125E-04,79,145806,
node7,1.6355514526367188E-04,80,145806,
node7,2.6798248291015625E-04,80,145806,
node7,2.1839141845703125E-04,80,145806,
node7,2.620220184326172E-04,78,145807,
node7,1.5783309936523438E-04,80,145807,
node7,2.0051002502441406E-04,79,145807,
node7,1.7571449279785156E-04,79,145807,
node7,2.498626708984375E-04,79,145807,
node7,2.5916099548339844E-04,80,145807,
node7,2.551078796386719E-04,80,145808,
node7,2.6726722717285156E-04,80,145808,
node7,2.2268295288085938E-04,79,145808,
node7,2.605915069580078E-04,80,145808,
node7,2.5916099548339844E-04,80,145808,
node7,2.777576446533203E-04,79,145809,
node7,2.2554397583007812E-04,79,145809,
node7,1.685619354248047E-04,79,145809,
node7,2.276897430419922E-04,80,145809,
node7,2.524852752685547E-04,80,145809,
node7,2.2649765014648438E-04,80,145809,
node7,2.415180206298828E-04,79,145810,
node7,2.2935867309570312E-04,79,145810,
node7,2.543926239013672E-04,80,145810,
node7,2.4700164794921875E-04,80,145811,
node7,2.32696533203125E-04,80,145811,
node7,2.0456314086914062E-04,80,145811,
node7,1.3589859008789062E-04,80,145811,
node7,2.415180206298828E-04,80,145811,
node7,2.262592315673828E-04,80,145811,
node7,2.200603485107422E-04,80,145811,
node7,1.9106864929199219E-03,80,145812,
node7,2.6917457580566406E-04,80,145812,
node7,2.4890899658203125E-04,79,145812,
node7,1.7380714416503906E-04,80,145812,
node7,1.3947486877441406E-04,80,145812,
node7,2.3889541625976562E-04,80,145812,
node7,1.3136863708496094E-04,80,145812,
node7,2.7441978454589844E-04,79,145812,
node7,1.800060272216797E-04,80,145812,
node7,2.7108192443847656E-04,80,145812,
node7,2.307891845703125E-04,80,145812,
node7,1.3632774353027344E-03,80,145812,
node7,9.93967056274414E-04,80,145812,
node7,2.0003318786621094E-04,80,145812,
node7,2.4318695068359375E-04,79,145812,
node7,2.7060508728027344E-04,80,145813,
node7,2.1266937255859375E-04,80,145813,
node7,2.2029876708984375E-04,80,145813,
node7,2.2792816162109375E-04,80,145813,
node7,2.529621124267578E-04,80,145814,
node7,2.675056457519531E-04,80,145814,
node7,1.8835067749023438E-04,80,145814,
node7,1.227855682373047E-04,80,145814,
node7,2.1386146545410156E-04,79,145814,
node7,2.5653839111328125E-04,80,145814,
node7,1.33514404296875E-04,80,145814,
node7,1.8095970153808594E-04,79,145814,
node7,1.02996826171875E-04,80,145814,
node7,9.465217590332031E-05,80,145814,
node7,3.2329559326171875E-04,80,145814,
node7,2.2172927856445312E-04,80,145814,
node7,2.770423889160156E-04,80,145815,
node7,1.9049644470214844E-04,79,145815,
node7,2.6106834411621094E-04,80,145815,
node7,2.582073211669922E-04,80,145816,
node7,1.6045570373535156E-04,79,145816,
node7,2.551078796386719E-04,80,145816,
node7,2.2459030151367188E-04,80,145816,
node7,3.0803680419921875E-04,78,145816,
node7,2.224445343017578E-04,80,145816,
node7,2.830028533935547E-04,80,145817,
node7,2.582073211669922E-04,79,145817,
node7,5.064487457275391E-03,80,145817,
node7,2.238750457763672E-04,79,145817,
node7,2.498626708984375E-04,79,145818,
node7,2.8395652770996094E-04,80,145818,
node7,2.3055076599121094E-04,80,145818,
node7,2.446174621582031E-04,79,145818,
node7,2.486705780029297E-04,80,145818,
node7,1.6760826110839844E-04,80,145818,
node7,2.0003318786621094E-04,79,145818,
node7,2.3102760314941406E-04,80,145818,
node7,3.757476806640625E-04,79,145818,
node7,2.6226043701171875E-04,80,145819,
node7,2.276897430419922E-04,80,145819,
node7,1.2040138244628906E-04,80,145819,
node7,2.205371856689453E-04,79,145819,
node7,2.5725364685058594E-04,80,145819,
node7,2.110004425048828E-04,80,145819,
node7,2.2840499877929688E-04,80,145820,
node7,2.853870391845703E-04,79,145820,
node7,2.834796905517578E-04,80,145821,
node7,2.63214111328125E-04,79,145821,
node7,2.493858337402344E-04,80,145821,
node7,2.739429473876953E-04,79,145822,
node7,2.269744873046875E-04,80,145822,
node7,5.650520324707031E-04,79,145822,
node7,2.5844573974609375E-04,80,145822,
node7,1.5163421630859375E-04,80,145822,
node7,2.269744873046875E-04,80,145822,
node7,2.396106719970703E-04,80,145823,
node7,3.273487091064453E-04,78,145823,
node7,2.4175643920898438E-04,80,145823,
node7,2.4819374084472656E-04,80,145824,
node7,1.64031982421875E-04,80,145824,
node7,2.484321594238281E-04,80,145824,
node7,2.0837783813476562E-04,79,145824,
node7,2.605915069580078E-04,80,145825,
node7,2.543926239013672E-04,79,145825,
node7,2.4437904357910156E-04,80,145825,
node7,2.6154518127441406E-04,80,145826,
node7,2.486705780029297E-04,80,145826,
node7,2.2220611572265625E-04,80,145827,
node7,2.300739288330078E-04,79,145827,
node7,1.926422119140625E-04,80,145827,
node7,2.2411346435546875E-04,80,145827,
node7,2.524852752685547E-04,80,145827,
node7,2.5725364685058594E-04,79,145828,
node7,2.532005310058594E-04,79,145828,
node7,2.2149085998535156E-04,80,145828,
node7,2.129077911376953E-04,79,145828,
node7,1.2230873107910156E-04,78,145828,
node7,2.2363662719726562E-04,79,145828,
node7,2.6535987854003906E-04,80,145828,
node7,1.900196075439453E-04,80,145828,
node7,2.6488304138183594E-04,79,145829,
node7,2.3436546325683594E-04,80,145829,
node7,1.277923583984375E-04,80,145829,
node7,1.9078254699707031E-03,79,145829,
node7,1.8596649169921875E-04,80,145829,
node7,2.372264862060547E-04,79,145829,
node7,2.1696090698242188E-04,80,145829,
node7,2.2077560424804688E-04,80,145829,
node7,2.4700164794921875E-04,80,145830,
node7,1.3113021850585938E-04,80,145830,
node7,1.4781951904296875E-04,80,145830,
node7,1.9025802612304688E-04,80,145830,
node7,1.6832351684570312E-04,80,145830,
node7,1.888275146484375E-04,79,145830,
node7,2.193450927734375E-04,79,145830,
node7,1.671314239501953E-04,80,145830,
node7,2.269744873046875E-04,80,145830,
node7,1.8978118896484375E-04,80,145830,
node7,2.353191375732422E-04,79,145830,
node7,3.333091735839844E-04,79,145831,
node7,1.723766326904297E-04,79,145831,
node7,3.070831298828125E-04,80,145831,
node7,2.357959747314453E-04,80,145832,
node7,2.4890899658203125E-04,79,145832,
node7,2.4318695068359375E-04,79,145832,
node7,1.8525123596191406E-04,80,145832,
node7,3.006458282470703E-04,80,145833,
node7,2.3031234741210938E-04,80,145833,
node7,2.484321594238281E-04,80,145833,
node7,2.6488304138183594E-04,80,145834,
node7,2.1839141845703125E-04,80,145834,
node7,2.932548522949219E-04,80,145834,
node7,2.3365020751953125E-04,79,145834,
node7,2.200603485107422E-04,80,145834,
node7,2.257823944091797E-04,80,145834,
node7,2.541542053222656E-04,79,145834,
node7,2.658367156982422E-04,80,145835,
node7,2.810955047607422E-04,79,145835,
node7,2.09808349609375E-04,80,145835,
node7,2.7060508728027344E-04,80,145835,
node7,2.4080276489257812E-04,79,145835,
node7,2.5177001953125E-04,80,145836,
node7,5.545616149902344E-04,79,145836,
node7,1.4734268188476562E-04,80,145836,
node7,2.1648406982421875E-04,80,145836,
node7,2.5725364685058594E-04,80,145836,
node7,1.4829635620117188E-04,80,145836,
node7,2.3365020751953125E-04,80,145836,
node7,2.2268295288085938E-04,79,145836,
node7,1.6236305236816406E-04,80,145836,
node7,1.742839813232422E-04,80,145836,
node7,2.448558807373047E-04,80,145836,
node7,2.837181091308594E-04,80,145837,
node7,1.914501190185547E-04,79,145837,
node7,2.262592315673828E-04,80,145837,
node7,2.4819374084472656E-04,80,145838,
node7,2.1839141845703125E-04,80,145838,
node7,2.5463104248046875E-04,80,145838,
node7,2.429485321044922E-04,80,145838,
node7,2.7871131896972656E-04,80,145839,
node7,2.696514129638672E-04,80,145839,
node7,2.453327178955078E-04,80,145839,
node7,2.548694610595703E-04,80,145840,
node7,2.2649765014648438E-04,80,145840,
node7,2.2673606872558594E-04,80,145840,
node7,4.4133663177490234E-03,80,145841,
node7,2.808570861816406E-04,80,145841,
node7,2.3174285888671875E-04,80,145841,
node7,2.570152282714844E-04,79,145841,
node7,2.598762512207031E-04,79,145841,
node7,2.410411834716797E-04,80,145842,
node7,3.581047058105469E-04,79,145842,
node7,2.4580955505371094E-04,79,145842,
node7,2.1219253540039062E-04,80,145842,
node7,2.3221969604492188E-04,80,145843,
node7,2.5200843811035156E-04,80,145843,
node7,1.6641616821289062E-04,80,145843,
node7,2.148151397705078E-04,80,145843,
node7,2.682209014892578E-04,78,145843,
node7,2.4008750915527344E-04,80,145843,
node7,2.74658203125E-04,80,145843,
node7,2.0384788513183594E-04,80,145843,
node7,2.2339820861816406E-04,80,145844,
node7,1.363515853881836E-03,80,145844,
node7,2.2339820861816406E-04,80,145844,
node7,1.5282630920410156E-04,80,145844,
node7,1.266002655029297E-04,80,145844,
node7,2.8014183044433594E-04,80,145844,
node7,2.512931823730469E-04,80,145845,
node7,2.727508544921875E-04,80,145846,
node7,2.4700164794921875E-04,80,145846,
node7,2.2292137145996094E-04,79,145847,
node7,2.346038818359375E-04,80,145847,
node7,1.8644332885742188E-04,80,145847,
node7,2.3102760314941406E-04,80,145847,
node7,2.0599365234375E-04,79,145847,
node7,1.621246337890625E-04,80,145847,
node7,2.0575523376464844E-04,80,145847,
node7,2.4366378784179688E-04,79,145848,
node7,2.262592315673828E-04,80,145848,
node7,2.3317337036132812E-04,80,145848,
node7,2.071857452392578E-04,79,145848,
node7,3.790855407714844E-04,80,145849,
node7,3.190040588378906E-04,78,145849,
node7,2.722740173339844E-04,80,145849,
node7,2.3031234741210938E-04,80,145849,
node7,2.491474151611328E-04,80,145849,
node7,1.7261505126953125E-04,80,145849,
node7,2.460479736328125E-04,79,145850,
node7,1.327991485595703E-04,80,145850,
node7,1.7786026000976562E-04,80,145850,
node7,2.4366378784179688E-04,80,145850,
node7,2.3889541625976562E-04,80,145850,
node7,2.5010108947753906E-04,80,145850,
node7,2.5010108947753906E-04,80,145850,
node7,2.9850006103515625E-04,79,145851,
node7,2.1123886108398438E-04,80,145851,
node7,2.758502960205078E-04,80,145851,
node7,2.5391578674316406E-04,80,145851,
node7,1.8715858459472656E-04,79,145851,
node7,2.2459030151367188E-04,80,145852,
node7,2.562999725341797E-04,80,145852,
node7,2.4199485778808594E-04,80,145852,
node7,2.1219253540039062E-04,80,145852,
node7,2.040863037109375E-04,80,145852,
node7,2.675056457519531E-04,80,145853,
node7,2.219676971435547E-04,80,145853,
node7,2.6535987854003906E-04,80,145853,
node7,1.442432403564453E-04,80,145853,
node7,2.129077911376953E-04,80,145853,
node7,1.2803077697753906E-04,80,145853,
node7,2.722740173339844E-04,80,145854,
node7,2.3794174194335938E-04,80,145854,
node7,1.595020294189453E-04,80,145854,
node7,2.410411834716797E-04,80,145854,
node7,2.193450927734375E-04,80,145854,
node7,1.4400482177734375E-04,80,145854,
node7,2.644062042236328E-04,80,145855,
node7,2.7370452880859375E-04,80,145855,
node7,2.2912025451660156E-04,80,145855,
node7,2.396106719970703E-04,80,145855,
node7,1.2111663818359375E-04,79,145855,
node7,1.475811004638672E-04,80,145855,
node7,2.522468566894531E-04,80,145856,
node7,1.4281272888183594E-04,80,145856,
node7,2.3317337036132812E-04,79,145856,
node7,2.4962425231933594E-04,80,145856,
node7,2.646446228027344E-04,80,145857,
node7,2.505779266357422E-04,80,145857,
node7,2.505779266357422E-04,80,145857,
node7,1.9407272338867188E-04,80,145858,
node7,2.849102020263672E-04,80,145858,
node7,2.715587615966797E-04,80,145858,
node7,2.2792816162109375E-04,80,145858,
node7,1.2969970703125E-04,80,145858,
node7,9.751319885253906E-05,80,145858,
node7,2.4962425231933594E-04,80,145859,
node7,1.3017654418945312E-04,80,145859,
node7,2.856254577636719E-04,80,145859,
node7,2.1719932556152344E-04,80,145859,
node7,2.1314620971679688E-04,80,145859,
node7,2.1409988403320312E-04,79,145859,
node7,2.930164337158203E-04,79,145859,
node7,2.276897430419922E-04,79,145900,
node7,2.143383026123047E-04,80,145900,
node7,2.5725364685058594E-04,80,145900,
node7,2.465248107910156E-04,80,145900,
node7,2.453327178955078E-04,79,145900,
node7,1.819133758544922E-04,80,145900,
node7,1.938343048095703E-04,80,145900,
node7,2.734661102294922E-04,80,145901,
node7,2.6869773864746094E-04,80,145901,
node7,2.498626708984375E-04,80,145901,
node7,2.644062042236328E-04,80,145901,
node7,2.810955047607422E-04,80,145901,
node7,2.3293495178222656E-04,79,145901,
node7,2.658367156982422E-04,80,145902,
node7,2.6917457580566406E-04,80,145902,
node7,2.2721290588378906E-04,80,145902,
node7,2.1266937255859375E-04,80,145902,
node7,2.593994140625E-04,80,145902,
node7,1.957416534423828E-04,80,145902,
node7,3.006458282470703E-04,80,145903,
node7,2.4771690368652344E-04,80,145903,
node7,2.6869773864746094E-04,80,145904,
node7,2.3412704467773438E-04,80,145904,
node7,1.9884109497070312E-04,80,145904,
node7,1.4257431030273438E-04,80,145904,
node7,2.2411346435546875E-04,80,145905,
node7,2.1076202392578125E-04,80,145905,
node7,2.4247169494628906E-04,80,145905,
node7,2.3818016052246094E-04,80,145905,
node7,2.582073211669922E-04,80,145905,
node7,2.675056457519531E-04,79,145905,
node7,2.2029876708984375E-04,80,145905,
node7,1.9216537475585938E-04,80,145905,
node7,2.262592315673828E-04,79,145905,
node7,2.3317337036132812E-04,79,145905,
node7,2.2029876708984375E-04,80,145906,
node7,2.3651123046875E-04,80,145906,
node7,2.067089080810547E-04,80,145906,
node7,2.658367156982422E-04,80,145906,
node7,2.357959747314453E-04,80,145906,
node7,2.262592315673828E-04,80,145906,
node7,2.3508071899414062E-04,80,145907,
node7,2.1982192993164062E-04,80,145907,
node7,5.195140838623047E-04,80,145908,
node7,1.800060272216797E-04,80,145908,
node7,2.0956993103027344E-04,80,145908,
node7,1.8978118896484375E-04,80,145908,
node7,1.6021728515625E-04,79,145908,
node7,2.834796905517578E-04,80,145908,
node7,1.819133758544922E-04,80,145908,
node7,1.6617774963378906E-04,80,145908,
node7,2.2721290588378906E-04,80,145909,
node7,2.0170211791992188E-04,80,145909,
node7,3.418922424316406E-04,80,145909,
node7,2.722740173339844E-04,80,145909,
node7,2.722740173339844E-04,79,145910,
node7,2.3055076599121094E-04,80,145910,
node7,2.219676971435547E-04,80,145910,
node7,2.219676971435547E-04,80,145910,
node7,2.2792816162109375E-04,80,145910,
node7,1.652240753173828E-04,80,145910,
node7,2.269744873046875E-04,80,145910,
node7,1.9931793212890625E-04,80,145910,
node7,2.9468536376953125E-04,80,145911,
node7,2.579689025878906E-04,79,145911,
node7,2.1767616271972656E-04,80,145911,
node7,2.1767616271972656E-04,80,145911,
node7,2.4962425231933594E-04,80,145912,
node7,2.1886825561523438E-04,80,145912,
node7,2.338886260986328E-04,80,145912,
node7,2.3508071899414062E-04,80,145912,
node7,2.510547637939453E-04,80,145913,
node7,2.1386146545410156E-04,80,145913,
node7,2.2721290588378906E-04,80,145913,
node7,2.7298927307128906E-04,80,145914,
node7,2.429485321044922E-04,80,145914,
node7,2.1910667419433594E-04,80,145914,
node7,2.465248107910156E-04,80,145915,
node7,2.5916099548339844E-04,80,145915,
node7,2.47955322265625E-04,79,145916,
node7,2.715587615966797E-04,80,145916,
node7,2.1314620971679688E-04,80,145916,
node7,2.3984909057617188E-04,79,145916,
node7,2.853870391845703E-04,80,145917,
node7,1.7189979553222656E-04,80,145917,
node7,2.3484230041503906E-04,80,145917,
node7,1.9502639770507812E-04,80,145917,
node7,1.9621849060058594E-04,80,145917,
node7,2.09808349609375E-04,80,145917,
node7,8.904933929443359E-04,79,145917,
node7,2.2530555725097656E-04,80,145917,
node7,2.2530555725097656E-04,80,145918,
node7,2.598762512207031E-04,80,145918,
node7,2.6488304138183594E-04,80,145919,
node7,2.2101402282714844E-04,80,145919,
node7,2.0742416381835938E-04,79,145919,
node7,1.9788742065429688E-04,80,145919,
node7,2.4962425231933594E-04,80,145919,
node7,2.4247169494628906E-04,80,145919,
node7,1.3709068298339844E-04,79,145919,
node7,2.2482872009277344E-04,79,145919,
node7,2.40325927734375E-04,80,145919,
node7,3.1185150146484375E-04,80,145920,
node7,2.048015594482422E-04,80,145920,
node7,2.3102760314941406E-04,80,145920,
node7,2.238750457763672E-04,80,145920,
node7,2.2602081298828125E-04,80,145920,
node7,2.7370452880859375E-04,80,145921,
node7,2.079010009765625E-04,80,145921,
node7,2.2983551025390625E-04,80,145921,
node7,2.238750457763672E-04,80,145921,
node7,2.295970916748047E-04,80,145922,
node7,1.888275146484375E-04,80,145922,
node7,2.512931823730469E-04,79,145922,
node7,2.3889541625976562E-04,80,145922,
node7,2.2339820861816406E-04,80,145922,
node7,2.110004425048828E-04,80,145923,
node7,1.94549560546875E-04,80,145923,
node7,2.560615539550781E-04,79,145923,
node7,2.510547637939453E-04,80,145923,
node7,2.651214599609375E-04,80,145924,
node7,2.3484230041503906E-04,80,145924,
node7,2.2125244140625E-04,80,145924,
node7,1.2922286987304688E-04,80,145924,
node7,2.002716064453125E-04,80,145924,
node7,2.2459030151367188E-04,80,145924,
node7,2.6035308837890625E-04,80,145926,
node7,1.64031982421875E-04,80,145926,
node7,2.2745132446289062E-04,80,145926,
node7,2.1123886108398438E-04,79,145926,
node7,2.1195411682128906E-04,79,145926,
node7,2.1147727966308594E-04,79,145926,
node7,2.1767616271972656E-04,80,145926,
node7,2.2912025451660156E-04,80,145927,
node7,2.300739288330078E-04,80,145927,
node7,2.2411346435546875E-04,80,145927,
node7,2.428293228149414E-03,79,145927,
node7,2.3555755615234375E-04,79,145927,
node7,2.3102760314941406E-04,80,145928,
node7,2.918243408203125E-04,80,145928,
node7,2.8705596923828125E-04,80,145928,
node7,2.446174621582031E-04,80,145928,
node7,2.644062042236328E-04,80,145928,
node7,1.4328956604003906E-04,79,145928,
node7,1.773834228515625E-04,80,145928,
node7,2.4390220642089844E-04,80,145928,
node7,3.147125244140625E-04,80,145929,
node7,2.2602081298828125E-04,79,145929,
node7,2.40325927734375E-04,80,145929,
node7,1.9288063049316406E-04,80,145929,
node7,2.4509429931640625E-04,80,145930,
node7,2.6345252990722656E-04,80,145930,
node7,2.0360946655273438E-04,80,145930,
node7,2.377033233642578E-04,80,145930,
node7,1.6641616821289062E-04,80,145930,
node7,2.586841583251953E-04,80,145931,
node7,2.44140625E-04,79,145931,
node7,1.2905597686767578E-03,80,145932,
node7,2.5177001953125E-04,80,145932,
node7,2.1648406982421875E-04,79,145932,
node7,1.1658668518066406E-04,80,145932,
node7,2.2721290588378906E-04,80,145932,
node7,2.3365020751953125E-04,80,145934,
node7,2.5463104248046875E-04,80,145934,
node7,2.25067138671875E-04,80,145934,
node7,2.4437904357910156E-04,80,145934,
node7,1.8787384033203125E-04,80,145934,
node7,2.624988555908203E-04,80,145934,
node7,2.2482872009277344E-04,80,145935,
node7,2.357959747314453E-04,80,145935,
node7,2.3102760314941406E-04,79,145935,
node7,1.8405914306640625E-04,79,145935,
node7,2.2602081298828125E-04,79,145936,
node7,2.2268295288085938E-04,79,145936,
node7,1.838207244873047E-04,80,145936,
node7,2.524852752685547E-04,80,145937,
node7,1.7976760864257812E-04,80,145937,
node7,2.219676971435547E-04,80,145938,
node7,2.086162567138672E-04,80,145938,
node7,1.8858909606933594E-04,80,145938,
node7,1.3828277587890625E-04,80,145938,
node7,1.4352798461914062E-04,80,145938,
